3 57 238 221
3 68 82 244
3 259 128 88
3 190 16 165
3 184 140 109
3 13 25 245
3 267 120 224
3 20 215 54
3 200 243 218
3 185 104 240
3 58 222 32
3 53 283 250
3 10 188 193
3 264 299 169
3 160 107 91
3 270 291 86
3 255 248 63
3 203 145 229
3 226 186 70
3 266 293 296
3 189 231 156
3 151 155 239
3 117 19 249
3 146 254 27
3 214 236 280
3 108 256 213
3 268 84 237
3 126 180 43
3 100 52 228
3 93 271 130
3 114 164 295
3 71 167 285
3 192 21 47
3 14 290 3
3 282 12 171
3 277 163 17
3 265 61 219
3 297 134 194
3 168 149 79
3 40 247 78
3 211 127 103
3 102 37 106
3 210 182 288
3 59 94 159
3 85 87 253
3 279 206 64
3 142 56 18
3 217 196 97
3 125 131 179
3 111 110 157
3 220 98 287
3 191 133 89
3 227 95 170
3 158 242 132
3 258 139 72
3 118 11 172
3 289 177 74
3 246 233 36
3 138 195 207
3 263 6 113
3 225 276 24
3 234 73 5
3 15 292 154
3 39 75 152
3 208 50 144
3 199 230 121
3 147 273 275
3 49 34 150
3 29 209 46
3 66 116 115
3 4 278 197
3 173 251 166
3 175 262 261
3 202 80 38
3 136 241 62
3 35 83 187
3 2 205 274
3 119 272 99
3 81 65 232
3 48 76 286
3 223 135 252
3 148 8 23
3 31 45 204
3 9 162 33
3 41 122 77
3 294 216 298
3 257 153 30
3 44 51 198
3 281 124 183
3 176 137 178
3 161 260 0
3 129 284 7
3 1 96 26
3 60 181 42
3 92 123 235
3 22 105 69
3 174 112 269
3 90 143 55
3 28 212 201
3 141 101 67
