<<<<<<< HEAD
124 6634 3032 8492 4126 2168 376 524 771 3133 8224 6436 3405 4882 9272 5582 461 6061 7412 3988 6451 7087 8311 860 384 8883 1353 8630 6003 1585 8617 4843 3207 119 7995 7023 1120 9962 2907 6315 1988 1179 8791 6287 9099 5099 5754 3935 1288 4897 1744 6438 3830 3038 9369 5549 1649 9852 3069 4715 6602 3606 189 3049 8654 3236 766 2710 1708 31 6737 265 6030 5187 2464 2811 5969 5411 6658 3552 6098 8872 6055 842 3825 276 2212 2054 5092 5880 4345 90 4365 2019 4417 973 5422 1432 3084 9469 4854 2043 7657 2072 7814 9019 2322 9088 2038 1865 4509 7449 6330 164 809 2919 8236 5941 8868 3087 6939 5618 1962 7905 7221
124 7234 4914 6718 6585 6416 1475 8919 6862 7396 6177 8187 6118 2032 9407 6296 3689 9244 2311 1517 9232 4405 7218 9065 3479 7724 4597 6633 3502 4341 8746 7093 1830 5708 917 4872 1565 2052 5924 1114 3259 7534 9261 2163 8582 2575 3052 8599 2594 7388 5954 5718 4111 3096 9190 7986 6525 177 8155 6662 2124 8145 7858 5981 9693 575 9951 3683 1526 6433 8692 6657 3641 7056 1839 6495 1260 8848 4972 8835 7458 7256 2978 1993 6345 6418 4482 5388 6394 5613 2020 2147 8588 6095 2841 4371 8952 5140 9291 6565 58 983 4618 2216 2699 331 5827 2070 9089 5961 72 976 9408 9501 3529 2856 790 2734 8822 2888 6918 1276 3671 9901 5424
124 106 8061 9677 3886 599 2702 2966 2316 5511 6635 9325 2460 8296 4153 2641 2914 3563 8880 8605 8515 4562 6010 2714 1925 1395 3100 8350 6019 4284 1958 1324 3845 9017 7511 5056 8882 1834 4919 817 9888 5952 7861 2775 7474 9242 9515 7437 9140 9143 1836 7612 504 2350 5865 2596 63 1636 8046 3979 2639 9926 7686 1876 723 6842 2411 93 5535 9097 8943 4396 8217 2204 2779 7864 9576 9664 8514 6584 1512 2635 3287 6689 6152 6126 4957 3147 4792 7483 2094 3020 3452 9210 3883 7188 5245 4932 9128 1118 9514 7742 6321 9707 3375 1142 1713 323 1589 1287 4934 9393 3879 2153 8194 3438 6108 7306 1842 4464 3458 5600 9954 4623 3164
124 7700 7553 9491 7587 952 943 5258 8600 5773 6699 1059 8836 3159 2805 8077 3524 838 368 694 902 8249 1010 3947 8504 1267 1953 1323 7355 1109 2700 875 1312 7542 9930 7825 7601 9904 7113 8047 3549 2915 8838 2724 9091 4706 4403 9497 3237 9999 1681 9120 1487 4366 4083 7885 6629 1783 1160 2507 9070 5553 6199 5016 548 2940 7254 1075 754 8533 3779 6908 5747 3839 6841 1895 4993 5359 8029 2110 7492 7464 8658 7082 9306 7185 8463 3086 8776 551 7630 3957 444 4916 1821 6726 9093 6448 7170 3008 4236 8090 3962 8294 8024 8200 8690 8580 219 5683 6490 5636 5274 1299 3655 470 9551 3875 4015 3583 2845 7287 2696 8808 1640
124 510 2355 1986 7211 6409 7415 3097 9505 7453 2318 7658 5254 9141 6236 611 2191 6610 4990 6171 5029 4462 4604 6238 5536 7085 423 6475 805 8421 3565 16 2541 8781 8664 5211 300 256 6852 911 3937 6339 6812 4535 6217 1782 5423 3240 5943 5097 3793 5243 5690 9949 7551 2640 6370 1732 1084 8930 8969 7392 616 4232 8934 8494 1721 2864 8153 5076 139 78 2808 2190 1934 5118 7443 7620 5223 5953 6109 7007 1131 6722 9178 7713 5703 5604 6140 8279 859 6694 1445 7699 7429 9632 52 9062 880 9762 1559 1415 2520 3376 7456 3270 1510 5833 6949 405 7635 2883 4573 8940 6444 6392 7789 2055 7089 1684 8659 7937 1155 2116 7563
124 8833 2374 1827 8893 8586 8011 1645 4206 3160 5678 6067 1518 1268 1148 5057 477 4073 8436 6295 5996 7414 2650 3201 7230 2154 1623 4695 2434 6761 6543 3956 1156 651 7624 5558 2920 7501 9103 748 1881 574 3783 9137 5711 2727 8434 5122 3401 4442 9431 7311 9715 7527 4655 171 3290 6933 430 1414 2164 3302 6038 3441 6540 8290 5281 1383 2068 3611 6015 2294 9034 8015 4007 1730 1331 1401 4165 3191 8981 5186 7317 3657 6155 2334 7434 6981 4786 1815 7906 8347 9893 2846 4003 7975 4001 6410 8179 3541 3246 6977 9646 4849 8913 6955 4313 3361 2127 2009 9053 1947 701 7640 4211 1656 7626 7251 1422 7903 2201 6827 4587 8657 5396
124 1476 6898 5156 5143 8229 8606 2329 4058 7991 1011 5266 3161 4145 137 6215 9753 4392 4806 9260 6830 8996 1789 9998 8871 5772 27 370 3355 6281 5533 9075 668 1607 8526 3954 7233 213 5216 2372 3022 6170 7217 1796 3539 7516 7147 736 4656 7765 6660 9563 9774 2192 6789 793 4620 6936 2073 2669 9931 3963 6778 9080 2629 5835 6766 9741 1823 3417 3460 2744 1765 6442 4172 2647 2989 9845 8204 7152 6365 9565 8967 3684 2379 3518 7687 5680 4904 2665 1820 7768 9723 872 7194 4661 1102 7706 2902 7529 2371 5474 129 5871 1272 396 8820 9706 8280 2679 9701 8230 9538 7375 9146 4523 9946 4906 2844 9303 894 5892 5009 3916 9382
124 4376 6017 2890 5246 7280 1533 720 785 3035 9724 7225 3785 2955 8553 4471 8990 9441 7092 8512 3546 9800 8173 8999 1454 555 7282 2736 8266 4261 796 5082 306 1037 5595 6804 6479 9139 8369 8687 6212 3941 5210 173 1191 1392 6975 5385 6138 6318 8744 4259 484 9645 8477 321 159 3759 6751 9531 5910 3888 6979 3491 9713 3430 1928 9905 5834 33 2421 3521 8530 222 1088 6430 4448 1257 7304 4589 277 8395 8122 6663 8168 3581 2827 1337 4741 4815 1617 4958 3899 8058 4784 3345 3571 7248 2041 7101 3427 4120 8101 5692 1402 6204 8184 2365 516 9834 5808 7202 298 8807 3227 8000 4839 1427 604 3837 1772 5431 669 179 9831
124 5469 5331 5545 2492 3468 8357 212 5199 6679 4485 5648 7970 8126 5489 5729 2655 443 9597 2652 6441 2250 5633 9643 9188 5787 665 8773 7899 8583 2707 4544 8613 8170 6312 4699 4938 770 5229 266 3387 1371 7156 2747 2412 6595 2361 8208 3107 5538 1330 61 6568 5868 9907 2410 1648 7137 4682 2093 6897 6815 7470 3949 9426 8226 7359 8656 2083 6081 2160 8423 2004 9644 6053 926 9502 2542 7279 1749 3635 8742 8295 9292 6874 9372 6954 9672 8803 4235 6161 5983 105 3204 9779 3770 9989 1921 7134 8008 1032 9528 7575 4853 8837 7272 1161 2569 9300 3248 8733 6374 1065 6100 2750 9814 5262 3091 6205 7086 9895 3323 9338 2957 953
124 8334 94 4600 9110 4698 8124 4192 6264 6473 3186 3764 1580 1548 5059 4216 5659 5577 5399 6491 45 6005 632 4769 1843 6139 1119 3409 8197 6560 5665 1008 9084 6375 165 5537 4179 1212 3863 2704 2579 4200 7144 2884 3525 3859 2689 2495 5712 8331 4673 6270 7064 6919 3934 2058 8503 6384 4093 9628 9700 9030 2213 4063 17 5774 2725 887 3189 593 5024 978 1203 992 6134 3137 6970 1116 6112 6769 3116 5890 1412 9108 9843 6596 4768 497 9376 5484 6744 7423 2571 7104 1460 5477 6670 3984 6644 5930 6128 4107 2930 2972 1280 278 7155 6697 7588 3931 4046 9995 6107 9819 4835 1801 8945 9046 3359 3153 6749 6664 9767 8378 7928
124 4183 7408 1089 1722 4630 4813 5277 2965 2315 7602 4985 5073 9984 4750 561 4749 3011 2923 6819 6738 7831 6992 7314 22 5529 6582 3835 5183 6914 3488 1200 8734 7442 3907 9298 7940 9991 2938 9345 8844 6293 4584 5159 6148 9751 8251 8430 3230 2785 6142 5158 2260 6911 6910 7361 7430 3492 8345 70 2428 5521 7365 8762 9709 5707 1060 6960 8546 2868 3775 4558 756 7337 8554 557 249 3029 5519 9982 755 1524 591 2896 6349 2865 2551 7608 1505 1549 961 1525 5286 1149 7286 8218 6805 7881 4909 4726 4022 4012 4869 2077 7299 7213 1474 3895 2141 6309 3077 4181 8245 1040 9174 5058 1608 6736 8812 965 9117 4378 5578 4579 968
124 3733 5031 841 8563 3675 6550 7896 1099 6753 5215 4088 2913 2798 7499 6007 6790 132 6907 2872 1854 5317 281 5732 4218 2287 7541 6163 2040 4684 578 1045 4010 1143 9106 386 9890 1351 6228 3470 5252 5788 9513 297 425 2517 361 7839 7617 3648 6405 5383 9591 5293 2030 2918 3588 1692 6373 2348 6597 9048 897 9135 8248 4669 9437 3431 3225 4228 3685 2337 4901 4689 858 7980 187 2936 813 7329 4264 4753 1531 5171 3666 6214 8327 4898 1211 358 5004 6145 1373 1444 9829 1064 3325 4960 1094 4336 1644 2732 8309 9725 4395 5561 2241 5742 272 9211 7122 1190 6388 9189 758 2910 6275 5086 9247 8073 9094 5849 5230 7073 642
124 3224 691 69 2207 1399 9789 7611 9957 9630 9708 1670 6149 772 5412 9849 9373 3134 3014 8221 3453 8859 7389 6934 8460 9024 7372 3691 9970 2114 3938 2354 9915 3194 1620 4045 8361 4933 6389 5487 5164 8410 5437 1164 6599 6707 5885 2514 4207 7622 2299 6133 6157 3702 7275 2477 4096 7332 3140 9868 3714 4105 532 949 3336 2800 8609 9060 3944 903 940 2121 1935 5314 570 1024 6559 2743 5861 507 9025 2290 5838 8763 7041 6450 3557 4774 146 6931 9938 6533 6571 2278 6262 2301 8365 8057 2099 4444 2529 6071 4300 3701 6054 567 2444 3028 1259 185 4766 4034 6063 2880 2076 5926 7801 4821 9471 9428 3273 8719 5447 2666 1175
124 8853 6932 7125 8792 5999 41 2491 8132 8597 2493 1356 4267 9654 9096 7758 161 6337 1469 9245 2238 8946 3064 7178 8351 1057 8847 5064 1918 9827 7666 37 5430 5124 1513 955 6850 197 9567 7454 4968 8258 9967 6419 9184 536 9621 407 9191 3727 1044 1927 7744 1591 1495 5130 1181 4286 7577 6182 7847 7836 6310 8162 2600 1628 874 3463 907 4387 4476 9432 3901 1723 312 4777 8917 9353 2209 3534 8537 1812 3408 168 6828 2050 5832 3254 5045 1071 6990 6773 7347 3960 295 8957 9802 2956 4621 9176 4052 3872 2633 2939 4543 5975 2483 8542 4570 5264 3903 1048 3149 6905 2812 6763 6591 2033 5985 6877 8344 8238 2364 4265 3730
124 0 1370 142 1822 7203 499 1145 2112 6809 5090 373 5116 4917 7238 6298 7698 9257 5594 4659 744 9489 2228 3558 9031 5088 4427 8123 7059 8491 326 2691 1050 2531 1643 1726 2651 8467 2113 2200 7099 6494 5798 5128 3284 8984 3698 5404 9201 6353 888 8269 6021 2682 572 8322 5495 9791 2892 8213 1381 8875 6068 8210 4582 5839 2573 5840 5079 4226 5002 2000 2776 8966 5500 5020 9165 7068 2236 5368 3208 5074 3025 2866 4489 1178 8036 8366 7614 4875 4498 192 631 251 8888 1672 500 5170 1406 674 5601 3726 4965 4799 9086 202 9346 6857 7897 2206 1571 1514 2917 1169 3985 7917 152 5373 4038 1450 3406 5786 9463 1249 4011
124 6943 6089 1069 1982 3090 8250 7266 2577 8285 8142 6894 1103 9155 7893 210 3743 2388 8910 3341 6463 6361 4634 7257 357 8775 42 5240 4755 2333 5420 182 5627 4610 8375 3245 387 8555 1117 1246 5325 3983 2459 333 3424 3890 2513 7277 9763 3175 3386 2807 195 8927 6923 6143 2176 4547 4873 4822 8560 8631 339 480 963 7395 4159 4665 2089 6925 6432 4152 1592 8911 7604 8242 8953 3078 7425 3196 8519 7971 8288 9990 4480 8175 2770 5569 1584 2565 7112 4455 413 6334 6104 9669 3150 2230 4519 7558 6623 6553 650 7030 325 6082 2537 5705 4994 1302 5855 7503 2219 9764 4662 8670 9956 7176 5863 3045 1348 6180 9045 7815 8861
124 3286 5468 8738 6510 2295 5047 4796 6509 8107 2138 332 1372 3381 8106 2080 2025 6191 1885 9415 1788 4580 2203 4605 5759 4242 4281 7878 2139 4997 7491 5013 7487 6383 9880 4440 2842 5470 9547 9404 7944 118 9320 9417 4912 8018 6884 4119 201 7770 8355 4468 7479 3104 5276 7005 4136 8165 6731 6583 5502 5375 9588 2 7590 7898 5405 2014 8758 4759 8281 4953 6982 6271 7678 7374 7891 9439 2667 6122 2448 741 4501 2169 3942 6179 1554 5669 9066 6685 4059 1664 1254 8402 4338 1599 5022 5440 4983 1332 6249 3891 9276 1654 3448 2227 8856 489 5660 3639 5949 9824 9402 3630 4439 8154 9159 9562 9343 138 3456 6381 9676 1408 4720
124 552 2253 6578 3889 4846 5498 3533 437 2245 1034 2208 4456 1913 6481 6817 6554 3193 3823 3002 1223 3559 9474 5299 7407 6196 8697 9936 127 9337 6219 4193 121 5973 5350 2118 1948 7074 183 7489 6213 8386 5376 5417 947 6636 4461 6832 4086 2351 2849 6153 7651 7787 4240 6544 9326 2403 5426 3275 5308 8300 3798 3059 6210 5634 1658 3089 8598 9071 8641 2885 836 8374 832 2494 4742 2148 675 5257 7728 5647 2953 795 6034 7108 5344 5864 4646 8863 9945 1321 4260 1893 8049 3304 5083 2534 2636 3203 68 2352 1882 1224 3871 7271 921 3986 3786 401 5988 1634 2429 2971 2833 7131 5304 1899 7531 6412 4358 8615 5485 985 112
124 3618 1170 4123 9795 1710 4356 6647 909 711 4945 8117 9425 7950 293 463 7583 2046 9798 9955 3791 7440 3682 1193 6468 7925 2949 6439 7391 133 869 4687 6401 6948 1368 4534 633 1455 8220 8805 149 4273 8887 5321 6739 9616 4515 2766 3112 5182 934 7060 5133 8662 7880 242 641 455 4342 8458 4895 8359 658 1054 3659 824 2476 4072 15 4177 3712 3513 6111 4334 8674 6517 2793 5332 2413 6437 5410 2552 218 1452 8392 1806 2523 6376 6537 2926 7954 6620 9839 7065 534 6906 3619 619 7755 3354 8611 7466 1616 3241 8045 7712 539 3437 966 1981 26 8400 7786 704 5380 5644 5609 5547 7774 7020 2393 752 4541 9482 6750
124 9074 1957 8971 6928 715 964 4262 6259 1922 4419 458 6356 4572 7915 351 4664 362 9217 3319 4437 3739 2726 9305 4301 3001 2674 1581 9279 9703 5402 2544 9521 9559 3499 3221 7383 9363 829 6859 5063 8429 1115 5686 9554 1901 4678 5370 3749 310 5234 2668 2642 1987 4477 537 1350 4028 9596 7187 8789 5887 5330 4116 2568 6592 8207 2179 644 4672 1940 5019 3624 8997 3105 2496 2255 8916 3838 7843 417 305 8895 4622 8766 3200 6387 3761 4473 7037 5620 4660 81 1606 99 7013 1387 9068 4157 9518 4803 9512 1489 5155 2560 9861 4132 9079 5824 494 4955 1785 5306 4039 1896 9051 2933 4536 3593 6011 9006 6227 6983 9948 1154
124 8183 4156 6645 6086 3503 3788 6146 9699 6527 1850 6808 5408 3741 7743 9684 7890 8747 5035 6676 6303 1230 7543 2360 5195 196 709 7344 6723 5367 6278 8891 9860 4556 4771 7632 594 5041 4224 1035 5591 2345 54 7385 8547 4061 501 699 3293 9928 6041 2809 6080 4097 5532 7753 206 3585 5614 4296 9498 7463 366 5783 5767 4826 6878 2047 5081 6566 2786 6431 3439 9057 6307 4568 1870 6573 4292 1473 7036 7262 9657 392 9507 9566 820 4852 2561 9166 5270 8227 503 2556 5700 5244 9390 3526 2510 4335 6247 7379 2383 5770 4289 8695 6256 6652 1127 1888 4023 901 3 3066 6269 3716 7398 9381 1711 9163 747 5335 5115 9692 4973
124 359 1416 1860 1809 563 7339 4025 4540 2777 2172 23 4332 9867 2165 3157 3608 8247 1457 9974 3955 9640 6285 2582 6822 4831 4182 3042 9193 4781 7004 4745 3135 7028 6646 7807 5146 1379 1786 4458 6020 638 5948 1613 3296 576 4383 5072 8302 8712 7138 1968 2017 3477 4197 9073 6449 1887 2759 8348 3378 7762 2005 737 4435 2826 103 3497 9960 5695 4316 2451 5856 1790 9348 4944 4889 5559 6665 775 8287 4079 5589 8564 726 2175 7220 441 5237 3857 1481 4202 5030 9012 4241 9737 6521 7676 1248 1869 7505 7901 9696 1759 2069 3148 1528 3869 2174 5341 4701 3305 4094 4862 3461 8572 7102 4121 6336 732 2767 1247 8715 2645 6935
124 8541 6674 8470 9876 5209 974 5509 6944 9411 5001 3139 8085 5882 913 2462 610 5289 7960 6380 1430 8313 8616 8289 5346 5897 5984 5374 1952 9105 7441 2304 573 9678 6216 4067 1797 9987 9394 6188 806 5428 2487 6745 2981 1967 9806 8937 7913 2307 2066 8158 1307 4195 1675 9364 1049 8016 4697 7088 6895 514 4508 7785 3232 6224 5475 2232 2595 9197 7012 5048 3748 6926 7416 5107 154 3351 5351 1152 8622 2467 2610 773 9278 3898 7736 7281 8303 1485 3690 8846 5311 5055 9813 6880 856 1826 9953 6901 816 811 7649 6957 2332 2026 7644 8793 8587 7877 4131 6331 4970 2894 3335 8432 1781 8696 3575 4506 5337 2181 8072 980 9626
124 6974 5671 5387 7537 356 1890 850 9781 3964 4185 9811 7015 6733 87 8116 1532 821 6059 4488 666 4788 7606 5889 8924 7952 7638 5151 448 2473 8545 9494 9209 9527 6400 1611 7252 2225 6920 7997 3792 4648 2693 6988 9744 2079 3738 400 4227 2065 2251 492 4303 7767 7455 6706 9662 2516 1093 8195 2983 6154 6768 3967 228 9133 6489 7351 8108 657 4055 3429 3400 4008 617 8511 2690 7748 2680 7145 9730 2947 7639 5958 1410 9857 867 1739 4531 3676 5032 5501 7368 6406 5012 1743 4253 6619 2593 8626 5854 1184 7010 589 7377 5642 4421 3229 4497 1157 3083 77 6268 2162 8232 9173 8980 6200 4124 1938 6945 1553 1792 8948 1787
124 3822 513 923 7672 9104 2223 5280 6703 9656 1552 8422 102 8499 8748 5235 6779 9186 6487 7285 9790 6398 421 398 203 7538 734 695 8989 1832 7288 5734 5389 2330 9544 5006 4739 802 8577 2270 3180 8062 6528 1019 1030 7532 8849 1578 1537 5105 9898 2688 7260 224 6677 5964 9324 3455 6065 1384 6289 4018 2618 1791 3507 1646 7525 2441 8389 3440 3855 9264 2319 3212 498 6492 4717 4053 912 4817 5023 866 810 8082 6090 8524 6483 8642 253 6306 5473 7637 2543 972 786 7826 4125 8319 1366 3516 9850 1547 8850 7865 5395 4902 3316 5232 577 125 3943 9032 5891 5287 3531 1582 2522 5596 3445 9618 6443 4398 7142 3561 8520
124 3673 5765 8065 9772 5347 2452 8754 1546 6428 5524 7955 7540 5338 8310 7488 2512 8660 4360 6871 7883 1404 2819 3564 7071 3489 8665 9902 3747 9651 7593 9582 6618 1871 4006 9601 3821 1883 9164 8949 4754 6524 5278 7931 5255 4976 4950 7373 2353 7072 3634 5042 1544 8373 6796 774 2723 1025 4607 2781 5353 9029 5621 2538 6780 9330 6622 5919 9510 4903 9170 7201 6579 8689 4024 5523 9167 7707 3267 9976 3846 9546 8767 1173 3252 9939 6840 9063 8075 4984 2731 5394 827 997 9081 6501 8301 9920 8346 3449 3853 1479 1716 7872 2312 285 5438 6014 2182 9486 8650 8161 8624 5117 2539 432 4180 9812 3663 5879 9490 9585 174 939 6226
124 8752 2021 6995 3188 1482 1663 1262 2801 9858 1655 2423 4583 5804 6048 9055 9617 3173 1773 1448 2557 4432 1593 3803 5740 5021 6156 3536 7820 9148 8908 4608 4014 6396 3056 8150 8926 6709 4884 5947 4223 3969 3578 1421 1472 4980 6382 9145 122 9208 3260 7663 9550 4416 3414 5253 6455 4703 9610 7451 3998 9980 4625 5193 7204 5842 3833 1201 4319 1158 2824 8151 2509 1877 1665 3807 3311 5836 7652 2911 8729 788 8262 1776 602 1033 7393 8832 6131 7128 454 4031 9761 2323 4924 3758 4359 2425 4299 8453 2389 8653 4138 9142 6283 2049 8668 5873 884 2091 9529 8517 4361 462 3496 5121 7718 3713 8720 8255 3548 3555 6465 9132 3827
124 2060 2671 9447 1751 7796 3146 6363 6759 5364 8647 2752 9966 6889 2395 8636 2422 336 2258 8416 7732 7497 2545 9365 5825 9493 4266 1906 9114 1264 9476 4324 9171 1577 5322 8717 2226 7924 1165 1220 5807 346 3945 9391 9044 7486 9932 4285 5722 8459 7174 3223 8004 4069 3977 5751 7981 9457 1046 4466 4274 9975 625 5677 8039 7969 3156 8667 1277 2792 6421 6710 2468 5188 9661 9047 2061 7592 4650 6695 6958 5809 1405 5070 2218 3357 9825 9848 679 4381 2817 6996 1185 8508 3637 1003 4559 4613 4377 5715 8579 6860 6848 3824 8052 1407 2924 7461 6052 5643 5909 5721 9473 8329 1465 5465 2962 8304 9050 5247 710 5775 6222 8828 3688
124 656 191 9717 274 9816 5814 5929 5284 1126 2851 7634 2436 5307 621 7318 6101 5735 7452 6407 6927 9541 3466 3523 731 7725 7633 1709 1594 4860 7828 5911 9420 8021 3288 9472 8081 8403 1197 4239 9398 8394 7837 4798 9775 6325 627 4109 7827 1652 6414 8149 9787 2681 4776 5674 4178 269 7750 4578 6567 2273 1396 2857 6317 5977 5051 1002 8056 7105 1824 5860 1951 8471 4602 9236 2598 3782 7173 5295 2096 6639 1756 1717 4718 2803 8663 2457 2916 1522 585 8998 1561 6654 7936 2506 6986 6866 9820 4641 769 3442 3123 8637 8634 4042 6946 5847 8516 5758 2339 1572 3940 7150 9349 1729 1341 8050 6476 5752 5560 3353 7465 6006 3538
124 7259 6797 2501 4237 4035 8860 3610 3616 1269 6855 5294 1657 6279 7631 7886 4 5986 9038 5966 6097 3658 35 5862 354 6304 2285 8119 8115 5749 9722 5579 4433 5884 7956 7249 4190 8938 1105 7095 3310 1956 3804 3276 4230 3309 761 5903 9332 2338 1251 1669 2042 12 2535 4406 8452 6452 9892 5938 4048 9600 9595 9226 3913 3074 6343 1960 8472 9535 2276 2998 4730 4106 6930 1810 4908 8468 2504 8136 9919 1891 7376 6843 9077 1172 6631 6849 6705 7690 8293 686 3167 1234 5236 814 8669 2712 4752 3613 4624 8407 1545 1641 7162 9586 9780 996 1196 7515 3612 1994 4539 8785 2874 2576 2048 7001 9504 2555 7050 3762 7438 6341 2951
124 390 4892 3282 9496 8330 2673 5513 4736 4384 5027 2221 9076 5540 194 8901 889 1959 7184 9668 284 7098 6719 4306 950 6127 6754 595 6379 970 4051 5576 209 1659 2057 1569 5622 2887 128 4238 4454 2932 5218 6924 5109 5200 7720 6342 3745 2024 388 2189 5352 6950 10 5104 7462 7844 9347 7636 7459 5575 6614 5826 1602 8268 2341 6190 8813 5810 779 2881 1426 7002 7618 7149 9837 6811 7250 7394 2912 8418 5739 4979 2143 6366 9263 4561 5870 3905 3900 4484 1441 1621 1502 1180 7298 67 9695 2620 1977 1278 823 7264 3622 3961 1595 3046 3392 4144 5206 2578 1905 635 8931 4918 4770 2006 4680 6242 8939 4586 5901 9284 8271
124 8559 1080 8012 4921 4113 3572 9687 9423 568 554 2550 9288 2614 108 8141 6632 3656 7812 9883 8764 9738 6959 6784 5026 3366 1289 2177 6087 5587 4567 5053 9924 906 2211 4883 9757 6962 9214 7841 6326 9826 6612 1864 5876 5971 5361 5518 6397 4775 5822 8342 3710 1362 9461 5142 892 4030 7799 5363 7300 1079 9087 2634 8479 3365 9666 1760 8381 8234 8700 2982 5224 2572 1096 8941 1914 5837 3119 9271 1746 2835 4373 8986 6372 8759 4141 2400 1322 3177 9123 6601 1624 2621 4154 6484 1671 4127 6211 5688 3813 9259 8097 3118 525 8635 7444 518 1418 3349 6434 53 5738 5060 3909 6824 4585 7291 7681 2015 6798 8661 5976 4927 5260
124 4617 8954 4729 2098 9841 6728 833 2891 5962 2007 7964 7693 9929 2037 9870 608 7498 2985 6263 1358 9801 3776 3579 6968 614 2215 944 1825 979 6457 7907 7596 9003 5640 6649 311 6169 7417 6046 558 896 8802 9649 1349 2656 6512 8219 2137 9958 3654 3163 7784 5427 1121 8233 5895 4767 2623 9196 7320 6609 9665 8171 7321 32 2934 7731 8110 1029 7160 4077 1650 1360 5886 7763 4130 8874 4391 705 1210 9187 3693 6742 6616 6057 2010 8638 4490 7135 2567 9908 3433 5168 5779 941 9495 7715 9323 7959 1931 391 9234 2456 2321 7367 8276 2742 3371 5366 8037 2465 3393 7370 6158 8114 2324 307 7205 7943 581 7559 4642 2472 7419
124 6144 4027 2470 7335 6587 8585 6314 2367 721 5429 7052 6844 1110 8786 1086 3413 1347 4800 3973 6186 6846 7772 4593 7780 5906 1511 8877 7290 530 3181 538 2446 9424 4818 3996 4099 2016 308 3486 85 8092 9937 468 7051 6552 1740 5846 946 9627 3874 8777 8297 3828 1319 327 9624 4095 9533 2194 8022 1695 9733 3334 7040 3234 8713 613 4954 9041 1357 6940 5717 2418 7229 6091 9180 8936 86 8340 7384 4450 4422 1685 2973 2791 2950 3644 1462 1771 6556 2368 636 962 1625 9090 6881 4295 7863 8618 1937 5670 3769 9747 7719 8739 6168 1704 4167 8731 7945 9016 3923 8404 5933 5267 7942 7047 2898 1766 8531 9823 4612 1345 389
124 3567 9366 5190 5736 3867 3669 3307 2984 472 7978 3494 3760 7079 6466 9251 4982 7046 5478 6423 936 1076 3040 3131 6324 8362 4858 4880 5087 8595 8550 4431 2615 383 1949 9847 2788 831 4170 7802 3070 7426 2193 895 2357 9253 28 5935 1129 2144 3012 4560 3946 6220 553 6302 5551 7182 2325 117 6887 2424 3263 6164 4626 5795 4404 2909 7751 7696 8464 9484 5089 2420 5349 4548 2703 4725 8607 4283 8332 1228 8543 7711 5316 9342 5381 4758 606 427 3015 799 2186 3542 4308 8121 6385 8113 7331 1106 5360 9766 5869 6576 1984 2187 215 2248 6899 2217 314 1411 1567 5458 1433 8338 3865 6967 8035 5799 9575 8383 7358 2778 6883
124 7822 6656 8502 6785 7241 2768 643 7057 6563 7386 4056 279 8574 2646 4163 5778 1811 1174 9711 9611 9863 690 3660 5466 7008 7309 2210 5709 2280 3055 9840 2023 1523 4487 440 7025 4779 3704 3235 982 3768 7879 7336 8688 2790 4877 264 9395 8457 4481 6701 1256 4530 5231 2375 7972 3928 4089 8278 3183 1207 9537 5434 3556 1263 5303 5464 5227 1676 244 3278 9007 7504 6721 5203 4318 4732 8538 9429 9634 1880 724 8159 4615 8277 4793 6254 3132 2289 8892 6189 8539 2751 4354 4809 7121 7967 2317 8298 2753 8702 4512 6172 1975 3005 1123 9287 4827 3317 1209 4974 2001 2475 8619 2405 3072 8174 3182 512 4709 5071 7892 6698 9655
124 1417 4737 7034 8825 4441 7186 3271 6316 48 2271 7276 9388 8976 6551 932 9532 8959 8411 8098 9269 1923 8267 8475 8716 7929 7157 3994 899 759 5543 8675 5698 8440 954 5617 7340 1176 7714 8059 7270 3537 8750 2101 6678 9020 3044 4029 3814 6800 4640 1295 3485 2960 1491 6284 476 9573 104 9871 9475 6093 647 2288 5455 8433 7705 2585 3568 6575 7882 9702 2087 151 1470 9357 2607 8489 1443 1769 9925 6700 5298 2409 4683 4415 5305 47 7974 898 2103 7509 9996 2980 3356 527 5148 562 1508 9485 3843 7930 2625 214 3255 5393 4553 6248 4225 3598 6825 9963 7310 8693 9636 2188 1689 5297 5805 2199 4643 4337 5238 3179 8253
123 2587 3071 6558 4526 2003 5530 8797 8370 153 130 1369 7192 2277 8013 7027 8180 3993 7519 8413 6070 3543 1122 6008 3420 2893 8985 7571 8356 7031 7436 3289 933 2059 5951 9558 6755 3506 653 2484 1091 2455 2281 5407 1878 8841 9736 6686 8336 8737 1458 9072 9653 3266 7245 3797 1186 5762 7048 5651 8646 8684 8831 7848 9503 3810 2528 6917 7016 8727 9560 2720 2078 4351 798 4375 7039 2970 9981 725 4588 5208 9274 5821 8625 5888 8992 2293 3939 2990 1067 7424 6896 9206 7821 5145 2794 7935 2694 3228 2797 6474 7190 234 334 5608 5780 8201 289 5602 238 6624 5684 8380 1562 7421 9690 7708 1847 4810 7305 1081 7227 240
123 4905 3819 4483 526 2117 857 4694 9942 5467 6952 5597 3299 2877 2134 3411 6594 3143 6338 7381 8169 100 8817 3095 6234 9359 8211 1237 8188 5483 24 8193 9891 4199 5291 7500 2130 6498 9453 7096 3373 9240 7075 5851 9830 8415 738 3887 6040 8133 5931 2944 6377 7231 7874 1313 8367 8358 4112 2331 9416 6746 1679 5136 8252 6497 8325 2886 4423 8223 7722 2748 5757 5409 6879 9836 3699 8320 5704 2580 1390 4878 3346 4949 3136 5853 44 1195 4495 4590 4804 2761 3410 3651 9433 8417 9307 3215 9230 2626 7835 7493 3722 8070 9511 7409 7406 8506 9340 6902 4888 9754 9225 862 3239 9138 5488 9743 791 1153 252 39 8722 5593
123 8681 4677 8128 4743 1929 3926 8862 815 3145 3388 4722 7141 4500 1693 4564 3987 4863 9492 8755 640 801 2442 64 7779 3444 8522 9593 6058 6137 304 9906 1985 263 4270 6593 713 8040 5902 8995 4714 1159 1738 2284 8160 9289 3269 2711 5198 6083 2829 5301 3547 8182 7514 7296 4002 3595 2739 3904 9 3505 6756 5637 2597 3927 3587 3081 3653 1501 6941 541 4577 9856 7313 6690 7418 3192 1484 1380 6467 4575 8231 3852 7921 5290 3018 4801 5283 1477 5542 7003 6404 9480 5725 2463 1651 6637 9370 6266 7212 4891 4712 5982 2553 4275 9622 5937 3272 176 2369 2035 2925 7467 7539 929 6810 3480 155 258 3932 9556 5184 3462
123 464 6173 9387 9111 807 9969 3948 5292 780 3010 4288 852 3113 8147 6124 1550 5675 928 205 4268 123 2107 9705 5624 7694 7044 6900 6867 9470 1731 4229 1028 4272 8103 8703 7307 9327 2435 9631 9746 2150 7198 6493 1424 9719 3256 9577 9994 3647 3178 9085 7115 3061 6258 7033 8558 4140 5629 82 8829 716 7838 8447 131 8476 9317 3640 3364 1062 1758 1183 6072 3190 5165 3141 3274 4571 517 4315 1955 3736 2419 4307 5416 7471 5492 9101 180 2695 9910 6320 1558 9674 5803 6085 3264 1529 6873 958 3586 3799 8019 2658 9160 7908 8096 6088 8306 7481 1378 2958 5531 3621 4158 1315 1563 5333 7953 6818 6502 3209 9918 5386
123 9328 1449 9506 743 7084 9355 223 8643 4390 9574 8979 8676 2601 3210 8714 6506 6004 7517 6712 1813 3451 7219 9580 825 5433 6913 3997 184 8186 4328 9162 7754 2132 7963 8032 4368 3398 1107 8244 9697 135 5667 5167 6826 6903 1618 8199 3152 5052 5989 6160 8353 7136 8343 7682 2718 4551 925 5638 2831 1023 646 7717 2302 111 397 914 3778 7405 4907 6942 320 4711 5923 3171 583 5756 9126 9487 3075 9354 9988 6456 3395 4248 8962 8753 6980 1333 291 4961 2156 3253 2733 7349 2362 3004 1496 2039 688 988 6648 794 626 4503 8066 864 4146 5153 2852 1382 6807 927 4208 8215 6829 4981 9500 7472 4244 329 3707 639
123 9192 7284 7783 1306 7546 4209 6973 7662 1942 2202 9886 8726 6640 9386 598 6608 1061 9799 9026 8796 8212 1590 4778 9058 4049 5259 6500 6096 6747 6743 7949 4668 8152 3508 8890 590 7246 3036 9543 6799 8164 6651 6028 3604 1453 784 302 7625 9807 751 1990 3231 9965 7846 908 9903 250 5066 273 2869 2401 6000 5480 4830 6265 9821 7431 9229 6772 4975 4507 7926 4436 7659 6032 7757 2283 6886 1187 9450 9115 9726 5369 1316 3162 4009 969 3257 6001 9935 6752 9670 4733 8487 418 3971 1859 3467 5921 9553 3870 261 8307 5324 1808 9633 4110 7641 2867 8496 4713 4492 7140 5714 2085 861 4857 7265 3670 4639 3925 7404 6447
123 5878 5365 1999 330 8698 4606 6890 7427 3982 8001 1614 6783 4016 2151 2344 1171 9216 3674 3649 4645 7382 4443 7895 3544 4032 6691 5425 3766 9642 7958 5443 4789 3812 1466 1342 374 3060 2943 2008 3789 6505 6965 915 4173 2935 1042 6114 6757 9583 2140 3597 871 4410 9004 7691 6549 6239 7660 4411 3915 3493 6764 5296 6615 3911 8905 5515 8972 1920 8282 8900 7621 9195 350 3811 6548 9838 6135 5994 6503 8801 2063 7790 9673 7616 4592 431 9314 1503 5392 7868 475 8570 8405 1271 7817 7605 4834 2583 4928 8942 5619 6291 8894 9092 3073 7766 7026 9639 1205 8740 446 419 259 1020 7189 8772 1346 5562 1950 8449 8431 1720
123 4943 9875 9517 9647 8473 1969 479 2840 3864 4824 3469 2108 4596 7422 4348 3389 299 7053 8623 5913 9223 6869 4169 9237 9835 9564 6184 5435 8723 3842 637 9530 2843 1909 1551 3850 7274 4847 5362 5748 6002 8257 7798 6470 5421 3339 8033 2810 3806 8649 3620 2823 1997 2521 7889 9598 5114 6125 502 3566 9258 5866 8055 229 8706 9923 7664 5691 2820 1294 4764 2263 9436 4996 652 4175 2677 1619 4040 2722 4679 1509 8567 612 2013 6132 2802 9220 654 1939 6119 3665 3047 9589 7782 6776 8513 5858 5111 8735 4991 1108 375 9769 1367 4879 4438 9602 6625 5528 7413 4546 7011 8795 848 2157 3968 9933 6520 6079 3672 9752 5250
123 2855 8708 4469 5719 172 5169 6115 3695 8246 3500 7855 7520 7261 467 6477 938 1147 7642 6847 3952 4707 3374 9361 6297 9157 3809 8450 4685 2814 1983 1631 3902 167 8903 9203 4133 4861 3127 2876 863 2135 1308 7993 3754 1907 9215 1239 986 719 2619 3757 803 6348 4186 5673 1292 2356 7556 8906 9846 3752 6050 5378 216 7535 8977 5096 7951 2928 2313 6060 5108 5991 1630 7119 3101 4380 7191 9109 7735 9889 8083 7776 1761 749 5382 8205 29 3026 3781 4705 9594 8601 2795 116 9641 3187 4785 7761 7988 8501 1301 7561 5764 6909 6099 1124 3910 8814 2721 469 7243 2624 1208 6813 1515 114 5497 7110 5354 1706 1996 2974
123 7029 1737 6692 2657 3728 5300 1556 1966 9082 221 6672 1917 4019 645 6985 4409 1467 7594 7103 2051 5768 83 3897 2897 4137 3522 9043 4522 9727 3447 80 4467 4070 9625 1226 1943 1163 5828 8006 3300 4204 6209 120 4280 6078 8094 5506 9131 7628 5268 881 3051 6963 5557 9130 7932 1989 1146 6770 2804 9445 4731 3303 2719 1680 3668 9378 1162 2497 8286 3951 6916 5978 3841 7679 1359 4164 4386 8779 7268 4217 7283 6360 3027 3426 1992 4946 3158 8486 6429 9383 2469 4868 2105 140 1701 2870 3482 7792 5893 924 2053 877 9360 4171 5397 8478 6716 7977 399 4060 4748 7091 4631 2536 7775 1082 1805 4486 9267 845 2303 9316
123 7560 1494 4502 2335 2129 3464 6715 1897 7362 2257 3976 6730 6105 7983 2664 7038 8349 7316 2398 3170 3574 9985 6037 1818 5820 5214 4969 4331 1074 5881 8272 2773 6198 8396 342 3379 5974 4470 8644 4814 2490 2697 4068 7994 6791 6440 2873 945 2178 2799 9878 6231 5328 5894 7876 5150 7671 9885 5323 1480 109 4036 3391 7490 8578 2261 6147 73 6299 2937 150 9185 8372 8612 4988 9147 340 6816 9179 3723 4325 2782 3348 6426 9940 5126 2488 6340 5769 1166 9121 3848 1177 8129 1647 8209 5580 8523 1456 6106 5645 3787 9658 4856 9438 5069 4704 1026 1073 8443 322 1804 5018 4628 8565 2942 9313 8455 1793 5917 5248 1463 3751
123 9822 9270 8078 4802 4931 3818 7357 4460 2453 6680 5750 9049 5202 75 6613 316 7366 8704 9175 4374 1588 1137 1297 9862 2246 4026 9992 3623 6836 1936 6411 8768 3399 4516 7730 2266 1775 1014 1083 8148 4401 5038 4081 4385 4249 2746 8745 7022 2839 8401 3780 9534 4959 1542 9054 3082 6740 9427 3048 8629 1919 7999 9978 5744 1762 7118 1320 7567 2863 7114 4529 3742 853 6515 1741 6777 292 1293 1568 975 3820 7127 5663 6788 1255 5166 8146 7697 3966 21 4859 6194 8189 4552 1435 7484 8806 7476 8899 634 4082 4842 7746 7867 1221 8978 3213 4168 254 1222 7350 2616 8064 1874 288 8575 9796 3922 8068 2095 6009 169 6253
123 1802 2861 9434 5611 4911 2613 6251 8111 9182 6643 7214 7014 9675 8228 4525 1376 3774 5816 1265 8958 3989 466 3016 9009 2180 2822 1279 1778 5967 1005 8897 4962 3642 6369 6806 8614 3062 5896 5174 3512 8536 4104 247 5959 5077 9205 5590 1745 9290 4263 2686 6151 4446 1240 1719 8760 3884 8284 5526 7778 2903 2963 683 522 2848 7704 8711 5806 2975 7360 763 8549 3103 248 5319 2860 5445 1409 5972 1437 5185 3652 9899 6562 5310 1436 7167 8867 3332 2272 40 8988 835 7397 9052 9329 931 9459 7710 9304 5997 4763 605 6837 3222 4636 6787 2262 6022 4412 696 6274 6327 9637 9465 1753 2737 5963 8970 7987 1915 8701 4074
123 6025 5877 9199 1215 5907 5843 4841 5859 8965 1946 5241 5327 8323 2437 9921 9698 9322 8810 4952 9246 5273 5883 7513 9083 6564 8292 767 1622 8243 6352 4329 3218 1686 3261 8235 9568 5940 6912 3093 7390 7324 9894 7475 1851 6732 7599 5944 7528 6823 3238 2128 8610 2394 9380 4102 624 188 9275 1217 309 3126 828 2359 8569 8743 9112 8885 4326 6167 9882 1574 4964 727 2558 9039 8645 5646 38 1000 6547 1691 5180 9098 3528 5874 8054 8576 9448 451 5517 3023 371 8480 1926 204 8851 7058 1111 1764 4269 3933 5908 7702 2268 8686 1447 181 1930 5928 6286 2197 2815 891 5127 2762 4122 2233 7172 1483 5285 5078 5094 301
123 765 9638 260 4999 3914 4728 2279 3802 6424 6762 2081 9266 8591 2628 6542 4840 6016 5790 1908 6922 5583 2927 3519 1690 3732 4327 3705 7521 3511 5233 5084 8093 5154 1325 483 2466 3596 7169 1733 6627 5631 8446 6545 4716 1398 8441 9652 6998 8886 2589 8918 7619 7854 4293 5219 1490 1718 13 8053 4408 4397 1995 6244 6516 5106 1232 5131 95 7833 8397 7933 5288 5956 5658 4848 8130 8026 5061 9124 8816 2390 3746 2806 7356 3535 8933 2931 7680 9584 5415 8964 8855 7207 4256 6354 3318 9688 2670 6511 3629 8074 5139 8920 667 1101 6208 3520 9252 7584 3643 355 8604 8317 5007 6193 8809 5925 5793 3929 5080 5520 2961 4252
123 2546 2363 9204 5649 4339 414 5845 6245 735 1431 2519 7171 9944 7196 3924 7894 1284 4663 2402 4760 5598 1752 9119 8724 8869 8060 2347 8069 5101 1902 648 9540 930 9440 702 51 241 9927 8842 3866 4808 1130 8961 8925 3446 5491 9149 3297 8534 227 960 7941 385 4372 8291 9873 485 3893 5163 4394 5207 4995 5570 2599 9022 6478 88 9344 2029 6499 9449 1586 8167 1976 9152 9788 4108 8087 7591 4637 1391 2698 529 5272 2730 9478 8589 4496 1597 2602 1635 2474 6482 8568 8387 2235 1241 7948 545 7918 9385 3154 579 1784 4874 890 3128 3950 5657 6833 868 1633 7123 6267 3906 5418 7734 6590 6323 3344 5554 1281 2305
123 781 487 5205 8435 5040 7094 1819 3443 3885 6165 7992 175 4205 7258 134 2170 7507 7849 2392 7166 2813 8371 8299 5479 671 3680 5201 4538 9161 2526 5177 7512 959 9281 745 4940 3416 6288 3832 4080 9413 8324 8521 4114 9227 521 8275 4780 6230 8683 844 4118 3279 7569 8067 8010 746 2921 660 750 9755 6947 2549 460 3636 7315 5605 8857 1017 6523 4426 9793 6206 453 3418 2789 6541 365 7857 6178 692 5573 8305 9374 6415 3214 7667 4344 3753 6241 8784 6235 3037 7547 4890 2772 1167 3551 8680 1767 3333 6659 4744 3250 3876 1202 9466 8632 3678 4447 9770 5584 7689 2818 9629 3079 5706 4550 8071 5025 4212 8592 6834
123 8454 542 618 193 8437 7795 9241 7888 5320 2716 9735 4692 8710 424 2660 8498 4277 4305 1916 2929 3972 1055 8827 2837 5713 7834 1694 5279 6313 3291 7353 2286 328 2821 2584 5005 1389 166 4309 6607 7853 4064 7655 1087 6328 8749 8527 8493 3661 3258 854 5348 4746 7319 3600 7650 4595 5379 1043 5454 8571 434 1386 560 3422 5525 6684 7598 5499 3632 7236 8256 4493 5800 1394 812 5830 7193 2064 4693 4128 4708 7446 4811 8354 9607 6994 2825 8627 1954 5462 5062 4632 8134 596 7549 3980 5481 3450 9683 428 4349 9786 4542 9013 8393 420 9446 2527 4233 622 2196 8135 4511 9716 5516 1855 1991 4478 3709 8080 4258 3856
123 3121 2796 7460 8907 5256 8881 6814 4833 1795 9028 3930 2349 6301 7805 8240 3601 628 3308 8461 7607 313 3202 5566 1817 9435 9877 5813 5666 9855 5777 7688 4557 6536 582 7352 4702 5652 8444 2120 1683 4998 8826 2119 5452 1803 3772 8384 8902 8138 8620 544 8163 4445 7643 9569 7600 8666 8794 661 9233 5993 5456 7348 2828 684 4214 5630 2760 8456 893 5745 436 6626 2735 2479 4838 6555 286 3243 1886 649 7900 474 9660 9000 1564 4389 7580 8263 8691 9508 4340 3737 9964 6655 687 2481 5178 246 4020 3176 2895 8929 5100 8051 4635 6042 9352 659 3706 6929 8495 4198 3425 3917 4797 8761 2604 237 3474 7000 6688 2832
123 5119 5493 3919 490 2198 1072 8315 7576 4161 3454 2142 7154 1140 520 6642 2992 2377 6921 9833 753 4452 4658 3166 290 8420 6641 1852 5782 1521 8532 7179 1204 672 1052 65 5457 1377 7920 9168 740 7585 2309 6129 6713 5413 3067 7564 4434 2853 742 3099 9113 7998 6518 7741 1727 8507 5476 2941 6630 7387 220 148 6197 2954 7562 6413 9872 7829 3129 9758 7747 994 8699 8510 5217 6570 6865 9334 9033 5796 6123 2300 1261 6092 1144 6767 2684 8137 2167 8225 8593 7759 9488 6335 5641 1141 3677 7148 5746 5175 5550 5225 1530 4287 1006 1244 2111 1134 7957 4900 2171 2554 5263 9001 6260 2399 8728 6775 3664 3383 508 9037
123 6355 5781 9961 1361 4667 4251 4343 942 8983 66 1233 2774 678 1218 9018 9401 707 5345 1471 6462 4013 4855 1898 319 6802 8639 5044 8608 4574 8131 4322 5102 7055 4314 9095 999 36 3607 1066 981 9144 6588 1615 506 5460 7343 2381 597 4222 3337 2002 8406 5194 5603 1768 7477 4321 1041 7738 7297 7083 3860 4278 1979 4098 409 528 9581 6427 6496 4041 1388 2590 8974 7508 4651 3834 9810 3342 6036 9181 4805 6786 549 9299 4521 9916 1012 9256 4037 4021 4243 3085 372 5504 7346 6322 6102 8673 3970 3517 6683 442 7968 5486 7749 7961 9134 2222 2906 9331 4644 482 6332 1168 7665 170 3696 8414 410 7522 3080 4087
123 4100 8804 5249 2104 8505 4566 4829 6598 6603 294 2525 9803 7049 2433 96 9315 9792 5336 3590 1944 4870 4400 2416 8239 46 8360 8951 9379 3041 8594 9525 3724 1078 1910 2231 722 9712 3472 5564 5377 4355 8873 7237 6971 1213 2407 3700 5398 3718 2011 4451 9516 8139 6225 1677 6532 1566 9250 4147 712 5720 2968 2977 3367 1911 819 900 7806 5192 296 5766 9748 8426 7586 9557 9539 989 2480 6047 5987 4986 3991 3144 6748 4357 6538 9285 257 8140 4090 9614 7661 6572 2159 8994 2692 7244 4191 2310 3483 2900 1868 6522 8509 380 9452 2100 730 9869 2075 8104 5221 6961 4611 5334 5432 7653 6956 3094 1816 1328 6240 101
123 7035 3692 2769 5011 3545 7581 9952 4369 2530 4783 8483 9371 9458 2275 9456 7301 3498 2471 886 4652 1862 3679 8896 9587 7982 6864 7554 4629 3054 5315 338 163 8932 787 2314 7823 3594 3362 703 1696 1637 7675 1576 5723 847 9526 6282 9817 5496 7255 9785 160 2701 7164 415 3756 3882 1770 760 9460 367 4449 2478 6534 878 5037 62 9760 9479 7163 984 808 4188 3936 4517 5326 11 804 1047 8112 7830 5439 7017 6951 7342 9042 6557 8889 8782 7364 3340 7740 9010 2296 6539 1841 3475 8935 9418 5632 2282 2126 1583 9356 267 2678 7338 5957 2123 4923 4910 6076 4765 3763 2574 8172 533 344 1638 8557 3306 9151 2396
123 7130 3501 6051 335 2687 5792 1229 9842 9213 3155 6195 1837 9572 3638 4654 136 7808 1440 1393 5239 1227 9207 3436 211 8815 4155 6390 394 1434 8928 5572 9014 9294 8399 71 7685 1838 3703 5313 1438 2757 6347 6012 4747 8003 5875 2783 9310 9881 5 1136 7210 8685 9993 3836 3169 2136 2292 2672 9231 2979 3844 9405 7216 6820 2859 4219 4942 5390 1970 5699 2380 2152 6458 4474 8718 5391 5494 5920 564 1027 4915 9023 6395 8007 5265 59 8308 7566 3111 422 7273 2458 4302 6305 4463 5189 147 8765 5220 9734 4071 493 7322 8020 3363 1632 341 8780 6863 7222 8821 3981 4184 1001 3328 1609 2564 8409 3591 682 9917 9468
123 7695 4271 2097 3168 4472 5970 3117 3831 233 9277 4084 1573 2997 6422 9679 3880 9483 3326 6024 5269 178 5990 1520 1539 2254 8254 5724 1846 8274 270 8259 190 5028 1945 5043 3138 609 7045 7536 1420 9059 6667 2676 2115 7574 5179 9015 9481 8858 6708 7794 2252 1112 5676 3007 6403 5318 5507 6255 98 3217 1077 2908 1478 1736 818 6246 1344 1039 9136 91 3165 3990 5616 5067 1198 245 8391 2834 8603 8884 693 2358 8192 1492 937 1974 6858 9922 3251 2741 1707 6669 6741 2754 1125 4117 5850 5635 8185 9212 107 3626 2234 7870 486 9523 8819 1857 7550 4363 6311 5451 6045 473 2397 7126 144 4304 3377 3599 6586 5829
123 8283 6117 4599 9694 6600 7077 9396 9419 3372 843 6276 1831 7024 6201 546 7402 6329 7325 1031 2661 459 5372 3390 8736 9255 4851 1555 7199 8048 3854 9397 7729 7400 9509 8678 5737 2959 5226 2486 680 7862 2034 2086 4894 6854 6888 7996 6077 6351 7107 8079 3199 2533 9412 1705 5147 7228 4690 7061 4312 9249 3495 8017 6 6872 8428 7247 9983 1673 8774 3122 7811 681 2502 3298 7769 8030 1845 615 5694 5950 8439 9750 416 630 7066 6229 569 6453 1536 156 4317 3216 6480 7922 4581 1600 1872 4756 4255 7294 7341 9959 9375 1266 3580 2036 5449 6402 3527 8770 1856 3633 8500 6218 4362 5819 1575 2243 3249 8484 7737 5685
123 7116 8341 7117 5482 685 7269 6333 5271 9972 7159 5771 7494 9021 4220 5743 676 4920 8408 5176 1687 3750 1774 5753 7151 8425 1715 3031 698 6364 1612 7506 1206 4129 76 4762 2948 7124 2386 8876 481 7946 5228 873 1682 8798 2586 587 1596 1429 7518 1829 9773 3338 4149 6120 1231 7208 2027 2964 4166 9805 1755 2102 3790 9333 1541 8854 535 352 565 5776 3233 8318 9422 9321 4671 8879 2901 5610 5098 315 4203 9804 7733 5450 7533 4956 6687 2274 2291 3958 2899 905 2336 9377 6044 4614 2850 2264 4311 8865 7433 4399 8237 5442 3435 6717 4794 3220 6978 3584 1903 2592 3725 449 5942 2505 4633 1728 6765 9739 9973 6574
123 7578 9056 3151 2125 9778 1464 5922 9768 3024 3560 6904 883 8009 8398 1355 6378 5212 1840 9172 2566 8909 2548 1629 2406 239 7557 429 6386 8214 4937 6192 7133 8845 5848 550 885 3329 8982 5872 8451 531 2084 7232 7070 7914 2780 8525 6628 3628 7965 8034 6408 5003 7524 3343 3120 839 143 2440 1236 9368 55 7701 1777 5181 728 7623 8005 1587 7568 3896 1873 2155 7856 5339 677 8968 5794 9912 689 9520 584 9832 2967 347 3755 8178 4215 4686 2408 8337 6529 7109 3407 826 1863 9887 8485 3615 2247 5784 7703 3030 8427 3198 4795 2976 3953 3999 456 3562 5965 4370 2996 2185 3697 2259 1889 8144 4475 1090 9784 1270
123 9897 6435 4757 9900 7448 3514 5508 7209 5650 3244 1038 1712 7985 1363 3352 4627 7090 7019 6868 8412 3553 2518 3242 1058 363 4734 3172 6729 402 4407 5755 5664 6589 7579 6203 2630 5017 5812 1965 9238 6033 8326 7363 6856 7716 6368 5710 8088 3301 7573 7973 8551 5329 6851 8063 3478 6150 317 9909 7253 3796 8014 6771 2838 9362 7832 3603 8027 4761 5998 5662 1219 2012 3423 9443 4987 7777 6485 588 5915 717 9036 556 5138 208 9158 2449 2414 3324 255 8028 4930 283 1699 7097 5406 1642 4563 9571 7860 9704 2683 1242 5606 6185 9941 7793 2905 5034 8944 8947 9977 4598 2445 345 7866 2214 7106 4887 4865 9127 2074 6964
123 6446 7797 3283 8376 2581 4735 4881 8095 4836 1051 4807 2454 3108 343 1500 8265 7165 4657 910 3360 6861 3265 7947 217 7850 2631 2562 9351 3609 9809 1941 2740 2045 8497 9035 6758 977 1113 379 2328 9659 3432 4350 6043 4320 1779 1662 5702 3327 663 2836 4569 6870 6420 700 1884 3849 1095 4823 403 6702 5654 7478 9612 5918 2994 5823 1274 5731 8960 6066 2431 5472 7378 8465 5797 6606 3292 6671 8316 5110 8529 5661 4978 8352 115 6508 1660 2240 7326 2605 9783 9934 956 2109 2297 6207 1543 2415 1963 4499 7810 4532 776 6350 1978 7295 2503 8368 4004 7613 5463 5514 488 4876 1507 1794 8419 411 4346 3490 4828 8834
123 5574 4738 7401 3975 8023 8540 6130 8528 1535 4330 3033 5157 3992 601 8445 757 4825 7240 5979 7177 3109 8839 1459 7760 4323 2515 9336 6638 8878 5197 6650 3076 7146 6013 7369 7938 8914 9718 2439 1243 3731 8769 1451 1021 1216 9997 2056 4367 43 7224 1468 8790 8043 5701 7175 4545 1314 1894 5213 4520 7069 5436 5204 7403 20 837 4017 2816 5565 6774 4936 2106 9027 145 2787 7469 3402 1848 8912 7308 9283 5448 2559 3995 9808 9002 2532 6803 1338 1579 3294 7021 922 6272 566 2524 5461 3484 2508 4886 904 1639 3465 8963 6795 1668 4820 4977 5527 7445 7312 1063 4424 4591 3380 7447 3577 1866 8991 1290 4638 8628 5934
123 1461 7215 377 9606 5008 1763 7195 5149 4189 7485 919 2588 4076 9400 2763 6472 6720 8672 7042 1364 198 9219 7788 275 50 4601 7067 6792 5693 412 282 789 3715 9548 1703 8041 1835 6273 2267 199 6425 89 235 9522 7293 9745 1298 5968 9756 662 4379 3247 280 406 3114 9864 9239 5103 8904 7523 9499 6531 7609 3771 9451 7603 4528 9102 7143 3110 7668 3912 4513 349 2461 5534 5522 6174 6991 768 5568 8099 8025 5927 7927 7333 30 1973 8390 2922 2662 2265 3645 408 2500 1972 8261 4676 8089 1724 8973 9464 8956 4142 5010 3530 4565 1133 49 7727 1446 8799 4948 4653 4740 495 7912 1661 7043 5563 9122 3878 9971
123 1828 1015 457 8602 8488 6069 4719 7303 8202 9069 4187 9384 2498 9592 8741 3826 1879 1009 5403 4298 2649 4091 7302 7962 1497 92 4290 9979 4723 7292 3602 6727 6232 3504 3795 1188 2659 4674 6445 9312 3509 3687 1385 186 5656 225 2499 6519 8778 324 6504 6838 4649 8679 395 1022 4043 3471 1036 7791 1598 5033 6581 7063 4115 6999 8651 1413 830 7278 1439 5419 8379 4812 998 4221 834 1961 5599 1419 3174 226 7597 1192 9777 6221 3734 4691 1132 8818 5093 5068 8864 7803 3370 9818 3614 7976 1053 5592 1527 8156 2705 2184 3808 9462 4213 207 2256 7840 5054 7804 9765 4609 9542 1238 7909 9771 8552 7989 5085 2166 797
123 3013 1007 7851 4549 3384 8481 6417 9221 2709 7054 3403 9248 1296 5400 8385 991 7129 846 8584 7709 8950 6159 870 2882 7645 5125 1397 3125 369 8581 9169 670 4231 7242 2988 5581 5802 9913 7984 2603 2161 2308 7813 655 8705 5615 2326 9268 2847 5586 916 2298 1199 5503 3576 9720 2376 9986 5916 1493 3428 9710 7495 3540 1354 6371 7966 9358 2384 5960 9635 3773 9280 4276 4297 3358 4922 5356 6972 6031 9797 3065 5490 4790 3959 9008 3605 3034 1311 3532 1688 496 2438 3631 9414 8105 9286 5607 8915 5932 2648 9319 782 8203 1933 1980 14 9061 6488 6831 3197 3694 2904 1714 1291 8364 7330 2609 1904 3720 6308 382 2854
123 3554 8216 7677 97 1286 6668 3892 1253 4527 9667 2591 4347 8084 7468 5945 3039 4939 1538 5728 4537 607 2249 3473 7327 1335 8363 5014 7180 9444 3057 6885 7328 5441 5401 9615 2370 8314 3285 7674 3063 9399 7627 7371 6162 1327 5242 1557 9682 4791 664 8987 8190 2092 4425 7410 7670 7006 5173 1964 8866 547 4044 5357 3102 9116 9859 6997 7526 2122 7354 2878 8002 3617 2173 620 9866 2756 7916 8824 9570 5992 6223 5548 1504 7482 6693 600 5761 7781 5512 851 4250 2738 8118 3711 8771 126 2346 5444 9409 9218 9454 5546 7629 7267 9865 5623 9430 8270 5936 995 4514 5905 6735 7076 2617 243 5687 1814 9685 2342 7673 8707
123 3515 4533 3627 8757 113 9156 8751 2432 2758 5844 4926 2382 9776 5446 3767 9759 3058 4279 9603 9524 4257 3219 8787 4896 708 162 2830 3124 9064 8548 5343 9309 515 4005 733 6704 7818 4162 9561 1798 2717 9100 1135 9943 2067 2612 3330 4135 6469 5135 1214 9410 2879 2715 5191 1627 1304 1310 1070 7887 3861 2062 3369 7132 9742 9851 4871 3184 3315 1400 3385 4033 6987 5309 3382 2708 7018 4971 6237 7669 6359 232 4837 3965 6891 1849 7032 5196 8811 3873 7979 2987 7934 3817 5857 4134 6399 5544 4947 4000 2022 3877 7990 7570 7771 6725 8335 6611 2765 3262 9339 9262 9078 3331 4201 2242 9604 9794 3662 3320 9650 4845 7773
123 9663 8448 84 1700 4054 6969 1892 559 6290 2149 4418 2385 7226 9335 6113 3019 5355 6577 580 2482 2426 971 2871 5899 2858 1336 9545 3130 7457 8333 9519 7548 2606 6166 7819 2764 262 3573 7816 5160 1 1833 9732 8694 231 8312 7235 348 2447 3847 9911 6393 1189 4899 110 4866 1858 4992 9153 3686 1560 1998 1867 7595 3314 4282 5682 6734 364 8321 7545 2373 1799 3368 3570 7911 2018 6176 5571 629 4210 8462 2269 2378 4247 393 7411 7646 8177 7510 6035 4925 1092 3829 792 5095 3868 3017 3918 3211 6277 6464 9442 9815 8143 447 948 9884 3801 2632 4479 9623 1425 8038 1757 3765 8044 7919 7871 74 7723 7552 3920
123 7610 3009 3000 5039 1282 2044 2485 3312 2244 6103 2784 2547 6781 6294 1486 9619 1626 318 7323 5091 8442 8241 6605 9282 6300 6892 8975 7572 6084 3510 2366 4465 6023 3088 4429 840 6801 3708 4310 2343 778 5760 5867 7432 271 7656 2675 6882 4352 9406 2489 3421 519 8721 465 1365 4647 9183 9536 1305 5653 2239 19 4819 4603 6121 1653 7582 7473 5980 5841 7450 3280 3050 8191 3415 8339 3681 3142 5129 8076 706 1339 4524 7081 3185 8 4388 9749 8176 1252 2131 3894 5763 1016 1375 2195 2082 9729 3862 8621 438 4402 5282 3592 8474 9392 2611 1303 9125 5697 2637 2889 1754 6875 2608 4675 18 1275 571 9599 1735 4353
123 3816 2224 1702 3457 426 9896 4139 9067 1971 7078 586 2028 7183 9154 6507 60 1516 9235 2644 4935 2340 9297 4619 8424 7745 9731 7428 918 4160 9118 993 9421 4078 5904 6027 3347 124 5251 3719 8648 4103 9879 9011 9293 5914 4092 1085 9874 8840 6459 7439 9844 8682 9129 7181 2745 7692 3206 9605 5505 6604 822 5912 603 9950 6116 158 5312 1698 6064 8264 2417 9477 3419 3815 1151 7800 4666 4913 4850 5134 1343 4234 200 7111 3396 5625 6358 2205 1182 1334 4555 3777 4066 79 9243 4951 5036 3729 6280 2862 8898 4963 1317 2088 1340 6243 7752 3881 7726 7153 3717 6062 2220 6110 7480 4414 7842 5733 7502 4772 990 8725
123 8566 4670 4893 783 8438 141 8823 8562 6569 2511 9455 6984 8273 6261 6546 4967 9555 7239 5556 697 9005 4065 4816 9350 5453 5588 2969 5815 1068 5123 543 5371 6075 5852 6344 9914 3487 8091 4453 9040 9296 777 8561 6252 8544 8382 6937 353 5555 9689 3397 3735 5689 8677 2404 4101 6966 2450 6454 5539 4246 6471 987 1273 1924 2090 404 5955 8120 4724 4174 435 3921 2706 865 7852 5141 1098 5000 3281 5302 2443 6853 6049 673 1100 5358 957 6835 4143 7904 9222 9853 3195 3908 3268 3115 8556 5898 1610 6782 5152 3650 509 2145 6989 4504 4989 5384 8671 6666 9403 2663 6513 2946 9198 7197 6039 5342 800 1667 7062 230
123 8181 920 882 8800 2875 2183 8377 34 4700 2713 1570 378 4254 3476 1258 9782 8709 967 5679 6029 9740 5120 4050 7884 9150 6839 8127 8652 236 1018 4151 4459 3582 1128 9620 4294 1875 8109 5471 2237 471 7764 1807 7615 4382 8923 4148 523 8732 3053 1013 6682 2643 3569 3003 2071 8788 5741 2952 3667 3006 2986 5612 7739 3851 6661 3092 6391 1488 7009 6319 5132 25 7824 8206 6486 4333 4291 3021 1601 5900 4510 8100 9301 6357 7139 5015 8852 5459 9273 9311 5112 303 8157 5817 9714 8730 2320 5541 7873 8102 9107 8196 5161 3277 6535 8993 9194 2654 2387 5414 3412 1725 1861 3794 6056 2133 7809 7380 3625 6018 1750 6530
123 1250 7399 2991 9295 9224 7939 1747 4085 7168 9578 1734 6202 6514 5946 452 6233 381 1666 9648 8518 2570 9302 7120 1403 4885 5655 6696 6580 8573 4751 4681 2945 4554 6915 5811 9968 7654 8125 6675 5510 3321 7289 4594 5065 3800 1540 7684 5639 9590 7345 1780 764 6292 1285 287 8640 4062 8955 6714 1534 1056 5785 8482 1604 6074 4420 2622 4721 5668 491 4518 4727 3313 1194 4864 9200 3459 3784 2158 9367 6617 7875 1004 5567 360 8922 9854 1352 7756 1697 8633 6094 4047 6461 8921 157 7200 2031 1428 5716 8469 6794 8031 2146 2729 6561 5626 8388 3226 7647 6136 3589 6526 3721 7683 6793 3434 1374 439 9947 5628 1498 2749
123 6976 5172 1326 2728 9177 7859 2999 3322 7100 3106 6257 9686 8222 1235 7435 4150 6673 6026 9608 5137 1423 7334 3043 7080 6181 6711 2993 5995 4075 8596 8166 2995 9613 5831 4616 1603 337 4393 1139 5801 4057 8830 478 7648 8535 4413 1097 5552 6346 4505 9681 5046 5222 4430 951 6073 511 3978 8260 268 3646 9228 4832 4491 3404 4428 6183 4245 6876 1225 1300 9828 56 8328 5340 2427 4710 9549 1329 3068 623 4196 1678 5585 4773 879 4782 7869 1283 4364 7530 4688 6621 1519 5791 9691 450 4194 5672 3394 1318 6250 7721 8086 1309 8783 1104 6460 4494 5049 6953 3295 5789 7902 1150 4787 855 5730 3205 4867 7845 2653 8655
123 57 1138 7158 4696 9341 7496 9671 6724 9202 3481 9721 2430 6362 5261 7544 3550 5939 3974 1748 2327 8843 4844 4941 2638 762 3805 5144 5726 7589 1442 1506 2685 9265 5727 5162 6993 9318 2563 7910 7420 6367 9579 6187 7263 5818 9467 3840 718 5075 8490 7223 7923 1245 7555 1932 9389 2627 4457 9552 540 2306 876 2771 1844 5050 739 3740 6893 1853 729 6938 2391 8042 3858 849 6175 1900 7 2540 7206 6141 1912 4929 505 1605 9254 2755 8756 6821 1742 7565 1674 8466 6653 8590 4176 4966 1499 445 3744 5696 5275 9728 6681 714 7161 8870 3350 935 592 2229 433 9308 5113 4576 9680 1800 3098 5681 8198 6845 6760 9609
=======
124 5840 994 6720 3070 4584 2352 839 5749 1910 8413 3664 3657 3437 5956 2653 397 633 5369 7645 2971 383 1399 1674 7082 5461 351 5591 2538 8730 967 5162 1544 7750 4375 3713 2725 1967 5360 9301 2854 8176 270 6132 7866 7268 1972 3620 5034 9223 8521 8786 2272 3200 8017 8593 7501 5480 2875 5445 9699 8022 3269 3155 8931 6268 9279 9957 5868 865 2838 1504 4839 4974 4549 5597 2616 7215 1388 7337 8782 5304 1705 8092 8899 5355 1411 3062 2739 8825 7090 2774 7694 916 1344 1082 4151 1807 316 2885 8202 5240 5605 8717 6291 4016 5607 6004 6022 2567 6175 8900 5069 7206 4132 6518 2144 7033 3262 8621 4824 3401 6258 4563 6957
124 6414 3174 9360 5061 3611 6161 306 9096 2684 9462 1953 1332 3449 5103 6304 9325 822 4804 15 7575 8172 1823 5274 5414 5657 2117 676 8579 7126 1710 2544 8802 6257 1358 3525 4499 6806 5092 5340 8330 8948 7076 2533 9270 8109 1087 7128 1553 603 6590 7007 9409 37 7356 7816 5726 9812 6444 432 2140 7135 9121 8794 8596 4511 3179 7888 1963 8166 5204 848 4999 678 8873 7434 5329 5391 9080 6810 1945 8368 476 9001 9727 4187 2141 3741 4465 8279 2773 6187 6627 7053 3038 2432 2451 1818 6347 7796 8815 1664 3069 5637 6937 2672 7290 6119 8668 4111 2598 1469 8990 119 6846 3960 9633 3890 8217 9705 2186 5702 3489 7397 9890
124 6153 5220 3691 9180 6874 7731 1426 8672 1453 8100 7732 7454 3039 7415 8509 3949 3563 9322 8212 4567 3526 4448 6984 7941 5492 9444 8357 6072 9791 9564 9698 8497 9673 143 9754 525 7462 8481 7034 8229 2149 1051 9219 3000 5575 9456 933 244 8429 7918 718 518 71 9986 1175 9944 6110 5176 3082 7472 5073 1786 2119 2283 9502 7845 8760 7240 795 7660 8678 1108 8901 2541 8859 1508 9361 6483 6246 414 7922 5218 6999 4072 6045 2376 8106 3177 3998 8201 4677 2233 7136 5913 8858 4093 2912 2499 4938 4863 154 250 7613 3405 3310 9441 7781 764 1649 9399 3010 3247 3049 6098 2437 8826 7406 2992 6029 596 17 182 3577 1921
124 2573 4045 9745 3908 7559 7484 9704 4497 3050 1719 7749 7203 4940 710 6479 981 400 6791 7641 1855 9569 939 3144 4706 2664 537 9071 3725 5259 6795 3206 8698 7367 5319 9695 3534 9299 4312 5727 1902 2366 1959 7770 4354 5736 4803 5442 7113 6567 5425 7144 9101 779 5731 6508 2629 2482 7018 1285 6830 6248 9404 1537 3331 280 636 7481 4211 7041 2621 957 4308 8417 5600 4658 7031 1755 8114 6424 3875 9066 9004 3249 3992 1709 2894 3471 4442 8671 2831 8635 6547 9390 1844 4953 2959 2212 8688 1055 8689 4733 6574 6788 2127 3429 6626 9866 4079 458 7871 2411 1494 6093 9397 2669 9467 9584 9668 9136 7048 3278 4654 1654 9974
124 170 3412 3673 5115 7579 8205 8987 1850 9330 2277 4212 4267 5922 662 2843 9763 6704 5412 3293 526 702 5586 1062 2847 3706 6051 7503 9267 5920 9593 9373 4359 2536 6492 8445 1232 7169 6166 6842 4600 6501 7593 9147 8079 1345 3506 6037 6143 8834 1437 713 1129 8192 8929 682 6639 8121 1514 7610 1540 7722 3479 5927 6646 5576 6820 6966 7657 6965 2645 94 879 1130 9768 4183 4507 5401 9905 1543 3717 9182 3341 7742 3439 8983 3444 1120 3529 1717 1131 3463 8706 1622 3919 300 7636 1730 3469 9666 6609 1053 1933 1781 1291 6116 5997 3289 3427 4952 9020 312 677 7642 2398 9081 4638 206 6727 3871 2258 7823 1038 8835 9600
124 9527 2997 3153 606 5228 2091 7721 6831 5129 1663 7340 6276 212 4254 9465 2718 4142 3739 9526 9731 8949 9886 6875 7682 2792 1386 3099 2021 1915 1187 6311 5621 8809 6487 4325 3176 8525 1546 2988 2390 4251 3575 6223 3958 72 1362 9320 1240 7314 8011 4149 7737 7124 9356 4413 7678 9814 950 3844 3161 4186 5463 7968 8091 9720 1872 2966 7746 2313 9158 9011 4831 4107 515 1254 5690 1282 8685 4371 3663 2179 6381 6876 5119 3937 8602 613 5325 9756 4521 9632 5928 9179 4719 3358 2404 1498 7028 2293 4323 1880 4278 7960 6448 6796 3301 4853 4855 3953 9423 1086 8749 8979 1351 9750 2025 366 6601 9212 5919 4379 1824 5107 2062
124 3807 3858 9559 4141 2125 3280 55 138 9613 5058 8326 2617 5361 7865 3322 5804 6740 8056 1580 4753 5023 6504 2569 9991 6113 1796 3704 4565 5882 7324 8183 5973 8704 416 9190 2050 4913 311 6982 67 7852 2382 6803 3393 4009 3922 1845 2246 5285 1000 1148 1646 4784 5905 5616 5757 6924 6082 5589 8348 9509 3032 3342 7319 9060 9897 9234 6857 6503 7601 5950 4121 9517 2868 731 3553 4115 1909 9994 5707 1895 912 4926 3719 455 1930 9545 7945 6767 7057 8816 449 7901 4765 5611 5715 8293 8117 357 8003 4880 7234 4438 110 268 9719 156 505 6571 9740 5817 7163 9208 422 6799 8962 1154 8068 860 5538 1579 7235 2429 7284
124 5531 3751 8409 832 7651 5888 1382 6949 3586 7930 786 3436 5120 3040 2857 826 6967 5416 1170 1685 8152 2340 4958 5102 371 6586 201 5001 6678 2694 6040 8932 924 6078 2531 6578 3544 593 8400 6117 4811 8911 2913 4692 5546 8059 5239 2093 9688 7403 6202 853 8546 7328 6712 2922 8580 9278 4023 7913 7763 6395 7958 2500 7680 8872 3990 9656 290 6164 4384 8553 6451 6565 3030 6773 5175 6396 1024 9789 2972 5584 9703 7569 3392 7083 7531 7719 6520 3481 3502 1464 9341 4993 6388 5946 5482 8634 4900 4049 3578 6099 6383 4033 3467 5114 4201 5926 5153 4627 2310 4168 8504 7522 938 3119 944 4357 1973 2602 3592 5014 584 5056
124 1603 629 7047 7094 2863 5553 4483 8882 344 8741 8792 6943 647 1774 9549 2746 211 1085 9628 2463 6865 2299 5557 2360 6566 3132 9839 9319 3012 2066 8976 9964 2658 7543 1631 8328 8231 4193 6334 7020 5783 2818 5227 4320 6802 2624 6404 8291 9761 4818 8284 2039 8532 5641 4998 8913 3615 9637 2401 9407 6130 8811 8259 2383 7164 6253 6954 4021 2916 5156 9485 7950 5037 8463 1363 8818 4170 6151 7480 4660 1554 3920 4789 35 8732 2138 236 1966 6772 335 2136 1835 9788 925 4000 4217 6389 4100 2275 3117 2201 6793 6950 570 7790 3802 8196 722 1098 6133 1860 9259 2543 9963 7149 1248 6651 3856 6343 1689 1204 5189 3962 5779
124 9471 8682 6956 4668 9550 1484 5965 7723 2269 7158 6437 6931 7130 6887 3194 3907 1899 9426 6360 2348 8964 9522 7706 2731 6730 7609 4350 5063 6893 4951 1896 4092 6935 8627 6947 5270 5568 8071 1324 2209 6007 2484 7946 5884 8565 6361 163 214 2835 3059 3056 4353 7470 3604 6815 5556 6963 9830 8102 9199 7715 9535 866 4227 724 3763 9936 9818 4671 8269 117 4666 9000 5048 9458 2633 7761 5958 3357 6707 1056 350 7573 1919 7223 8848 61 4058 2130 9889 6696 7773 6497 4634 8795 5111 4617 1241 2255 3399 9242 9095 8775 3641 8090 3490 1576 4506 8502 2570 7378 9428 1075 5526 3593 4805 7214 589 1435 9532 9346 6457 2337 6482
124 4862 8171 3868 5318 83 5026 8408 1213 6600 260 5505 4852 9978 8681 3727 6584 669 5871 4173 3165 6987 7897 6821 885 8075 2170 5563 2888 1595 9836 6233 834 3731 4632 7306 2009 2353 9684 3109 2495 6841 2088 1243 6675 1353 6545 5042 9098 7927 8185 9655 7086 6871 8527 431 2184 2 8680 9949 9736 8034 7757 2895 4689 8302 1534 6786 4310 6321 7540 141 2866 1901 5278 8846 3885 1287 3415 5850 1569 5728 418 4205 6558 9621 2678 6693 7504 1559 9752 1946 3159 7676 6449 3610 6494 1214 9092 2230 3752 6632 3814 4948 3363 6016 3315 1230 69 8151 1338 6179 8960 7383 8716 8592 4253 1623 9922 5334 4933 9392 3832 5924 2631
124 2010 5323 6624 4025 8996 5096 4055 5172 3213 5810 2262 5990 1831 2285 2260 8649 6641 8903 9601 3976 2282 644 4823 2779 467 1095 6970 8554 7632 5833 6854 3180 2928 6778 379 9853 5246 1311 849 2646 844 6058 1638 393 2178 1047 9577 8530 3086 5161 5109 5477 5389 5623 7905 1040 6659 2639 3841 8156 1071 7260 6743 425 1785 833 6926 3386 207 1790 8238 6959 8844 5792 4040 5834 7969 4288 6633 1929 2867 2674 8734 6670 6306 9028 4515 1021 2024 6320 2812 5351 7303 963 8173 6377 3911 4418 6910 125 4436 439 1532 8262 5196 3048 812 2433 8312 4868 8820 7857 7708 6840 6277 6142 1470 2469 7488 1571 6262 5524 6168 6529
124 914 5848 5388 9273 6010 720 1763 8561 6182 7595 2565 2809 13 6397 6131 2198 2949 1452 8535 4258 4912 6465 3156 9553 8751 8830 4771 2611 4283 810 5706 2355 7178 3458 6163 6059 5703 4319 4060 1805 1165 4928 9451 9733 203 6288 8646 9900 9574 4873 9902 1104 2930 5044 2944 3934 5937 3635 6144 9712 1656 4063 5638 9207 161 9598 4559 3897 3621 5516 6154 6155 6789 4723 9896 8645 8272 1003 3430 1173 1465 4356 3258 6193 4990 8161 4158 8788 5086 2031 8560 3560 1256 4345 368 5299 3649 9160 4343 1048 4590 659 6005 7346 5126 2228 541 1982 9721 1518 7253 7376 8353 4269 5052 6969 9570 681 8998 3650 3728 7447 3472 8810
124 3158 5849 5039 3493 3903 9153 2112 5191 9937 6485 3134 6219 747 8618 1812 8369 7074 2334 5908 20 4579 1432 349 8137 3143 8139 1014 4155 3461 8806 204 9802 653 7104 9263 9005 4838 5428 8927 3833 2111 8548 1682 3936 8366 6900 9690 5996 601 1590 9403 9575 8416 235 8727 4959 6816 9082 8415 5903 8838 6779 1468 5366 1192 7120 6892 7525 830 3095 9984 1093 1300 4153 5387 7547 7338 1111 5208 8759 821 2232 4305 6284 3708 1210 6121 1495 9281 5499 7038 9657 5815 6776 194 583 3694 9045 792 6432 3535 8158 2715 1861 3229 683 8513 9882 5766 6543 6338 6068 7963 827 1074 8632 838 3749 9480 7764 5795 1113 328 7596
124 8574 5569 8837 7826 5628 6020 9477 8633 307 9953 9481 2748 4423 4763 8283 9583 9919 3483 4604 8951 2640 4012 8503 2248 4686 5877 9258 6408 4 7101 7500 6042 5207 7015 9328 5642 8049 1752 1223 7940 3589 3201 4794 172 9987 7499 9742 2861 4670 398 6955 7597 2578 1072 7747 693 7772 6948 3623 1505 7085 7519 4960 9260 356 116 5999 1491 1027 7123 7776 1436 7381 2354 3978 9924 5192 9408 8777 1539 6211 1632 2521 6447 6822 2989 408 7142 2859 2767 386 531 3459 9123 9730 556 1139 420 219 3385 3698 3582 1744 4314 216 8568 758 6812 4742 5275 6261 2121 7666 9829 6628 6000 5064 6229 4625 358 7300 6122 7026 1980
124 4414 8274 5181 5859 790 1795 7042 2532 2052 7388 384 4570 1320 7387 4566 2449 9433 9068 4397 4262 8352 953 7615 8562 7999 6929 1349 7236 6851 6642 4299 2363 568 6660 1987 4932 9479 8007 8703 4446 4599 8928 4830 376 6054 8559 4082 6011 687 7225 9266 4068 5561 7753 8324 1926 4096 1153 3408 6616 2058 5979 6677 8406 9120 9304 3442 6564 3656 7860 2552 2307 658 5970 7652 104 2564 7430 3546 8955 4888 4108 5390 9111 3951 6136 1430 3225 5741 1459 8095 2448 2192 8895 5089 4621 3823 8939 5532 3416 8522 9008 4527 6328 8318 4759 1520 742 6431 284 1387 4547 8036 8866 7079 4160 5368 5838 6667 8943 6109 5005 5276 5857
124 9762 5893 911 8414 3085 1547 3006 9285 7566 9759 176 4487 1030 375 3877 7973 7681 396 1841 4764 4800 2381 907 8146 2628 7874 8805 5743 4273 4597 8972 2702 4792 8290 8973 5894 1304 9439 4963 3087 9591 6548 9230 2142 4030 5057 1384 9035 9058 2817 4381 5786 7929 4409 3940 3036 6515 6467 8089 5754 8828 2029 7438 5907 8051 2893 3348 1438 3154 7533 6561 5602 6495 712 2444 8726 2648 7520 7296 9935 7785 1317 7287 9843 4841 6700 4775 536 1270 9776 7315 5747 3382 3643 8854 3253 6312 5594 2105 4884 3390 6107 9679 1589 7259 2517 5533 6287 6413 3624 6510 6732 3072 8695 2165 3709 8630 5995 1305 9213 9996 7831 2020 7452
124 3423 4517 9885 735 9488 5338 799 5585 7864 1375 1524 3242 9630 567 6091 3828 5135 3590 4279 854 4017 4644 2743 5696 554 7842 6372 283 2782 2096 8066 4977 652 984 2099 9165 2456 4469 8337 3002 6036 6946 1161 1066 3768 5130 177 5912 4491 5169 2691 2675 9692 6209 7140 9865 18 608 2841 3638 5481 8334 2057 3063 9127 14 5036 4809 4329 2236 8636 3333 2304 5911 9417 6342 8648 4772 4869 4856 2221 4180 1515 6220 7322 1231 4503 8988 716 2158 9159 3402 688 4976 1934 4453 7213 7726 4756 7712 7167 6917 9371 4374 2402 548 299 870 4404 4916 623 3440 5780 2491 6466 2679 8242 6991 8419 9658 2361 3022 6883 8856
124 8329 711 5661 3364 5272 6418 1792 709 1556 3079 7242 64 6705 5981 2919 1900 4013 7740 7344 9088 5381 2876 7088 3243 935 9050 2655 5356 2007 522 1125 3760 7982 6384 8097 6813 4872 8495 616 7817 4635 6152 1548 2328 590 9265 7003 7793 1673 2048 2776 4328 6189 3929 1889 4110 7890 1229 6530 7446 6244 2837 195 1517 3215 1593 4592 6800 6118 4909 6393 9738 2443 5665 9287 4554 7115 2686 1516 565 4987 3965 824 6614 173 2889 7460 951 3286 9115 2703 1723 7675 2677 3067 7170 2993 5758 5045 190 2087 8327 1703 2216 9822 9627 1550 9200 1059 84 1414 5879 9418 2015 8915 6105 111 836 365 6996 2574 4004 7177 1949
124 9201 6241 7495 1101 4061 5599 5801 2507 6124 5359 8233 2435 6411 7992 8853 5371 7664 9981 3716 1255 4698 5649 1185 7807 462 864 6188 9771 856 9861 3822 9879 8376 7423 5145 4077 3810 6911 8331 9743 4665 5271 9288 6523 2265 6264 1815 8870 7687 5763 7151 8980 5835 6240 2953 657 5447 5217 7582 6300 6524 9181 6953 6744 4837 4569 7889 5252 5132 2211 8569 7016 7802 1509 5256 7588 7637 308 5314 16 3743 8833 1335 127 2738 3912 2634 1947 232 5796 8876 184 7010 8676 7147 8319 5245 3755 4850 112 930 474 2915 562 8065 4533 1840 3116 3055 1355 3658 8084 6535 1081 3046 8199 7080 6044 9641 7649 205 8096 279 7752
124 4398 5305 7511 997 9367 9654 7545 5427 3368 5167 6160 5841 4445 5186 3886 8764 2022 4972 773 3014 3081 5159 2754 5650 7180 6443 3513 5320 6974 4580 6186 2188 738 6359 9615 2135 8666 4122 5282 1212 3628 9474 4773 2323 4588 6344 6964 1475 1713 7145 8595 6811 9660 1233 8296 768 4626 500 5663 1816 983 9143 3037 3424 559 1627 5473 9901 8213 5855 8004 4260 533 5729 992 3477 7461 7332 3131 2766 975 96 8871 217 9377 4275 8289 7473 8885 6060 5024 5874 6419 1827 847 3905 8054 3396 8322 3312 6079 9806 8550 3389 6236 9250 2436 9781 9129 5140 6021 5286 851 1354 2070 8195 7844 93 1060 1728 3074 3985 7173 7640
124 8317 3608 2513 5016 3983 5914 8849 8038 4526 8731 4393 8344 4605 8405 954 2175 1429 6891 9217 3820 6201 2615 6470 7692 9380 9787 7820 5194 2772 5142 3335 9310 6549 70 5624 5530 6478 1549 4389 3813 7568 5149 4449 1276 5144 528 4112 2548 4556 9521 7532 8615 6985 5618 8129 641 892 233 7187 9519 1851 6194 1160 737 1858 66 3217 9335 7404 3651 3497 9344 1302 7070 3421 3003 6592 3659 781 3227 3616 2777 3617 2956 4788 8123 1346 2298 813 2148 1693 2161 5497 8719 2516 1219 7354 2974 6829 4102 4198 442 756 7050 2239 3512 5188 2965 2511 5392 7046 2065 9848 6458 2300 2958 6506 3422 2796 7921 1757 1952 7850 2466
124 3470 8594 9844 9382 6071 8772 8752 2386 7250 5417 514 5226 1205 5582 5564 561 9967 1565 3122 4468 6453 3275 3723 1366 2563 6582 7125 5962 6979 6325 4197 9013 8578 1483 8379 3169 5574 9589 1958 3627 9401 2898 3326 9851 626 6663 1157 1472 6517 6662 2845 9222 8440 3288 5896 9835 6759 6085 8243 8510 6505 1596 4247 574 8154 9640 6471 8064 927 2734 1134 1688 1941 9951 1252 7365 4674 5603 4667 5831 1440 8 1180 3642 6493 9055 4991 1866 8086 4156 7391 3088 5494 7959 3999 4705 9494 7733 5717 8517 8227 4300 1644 5761 8622 7390 3732 5695 8263 8101 146 5659 9193 6156 2000 2830 6366 5631 2547 7343 9580 8918 5542 9511
124 4372 5935 9218 3854 9343 4865 6654 9766 3644 9443 6294 2642 4330 901 7186 6438 8270 4870 5213 5075 7591 4544 1825 9773 4304 1575 4050 4462 9588 7129 9734 6798 5949 9073 4807 1881 7258 2059 3125 8984 9956 1477 3298 5264 2378 3685 2351 4836 8461 7087 5811 632 7583 9161 6084 1264 3668 9513 7839 1788 4048 2667 3518 4104 4195 9093 1330 5326 1527 3307 2987 4202 5303 7819 5405 3703 9176 158 380 6787 2887 8778 4265 4403 5967 811 5601 6055 8867 4529 2917 5825 580 1637 9723 452 3790 8729 9753 3815 8514 9941 9713 8070 6761 407 4832 5315 7830 3765 4749 6314 8993 1989 2604 5902 4826 2103 7246 1601 8746 1008 4752 1390
124 521 8094 8905 9089 5725 301 1793 3052 1451 7477 262 1088 3308 480 1810 2078 2122 8062 6440 538 7264 4954 7577 7325 3674 2016 8332 1466 1283 7514 8136 5131 3672 8030 9358 8573 6653 7689 4947 8309 273 4163 7912 5025 2770 7629 9784 4904 960 8735 291 4047 6307 3203 8914 5523 3064 6157 4810 8252 665 1849 7808 539 4615 348 5698 5311 5535 6988 3499 7348 4377 6747 8661 6896 5738 2377 145 5595 9623 6805 753 1103 9442 5662 4053 5041 7355 4291 9555 3281 5506 3808 6038 3404 242 8720 6392 5539 9524 1325 4543 3613 30 8860 1106 7725 1020 1587 8211 3964 4434 9370 5753 1640 9411 9725 5426 1789 2375 6034 2479 3806
124 5308 1467 9868 1939 6056 6 2635 2643 2714 9870 6839 271 9854 1753 8625 3967 8832 2392 2332 9416 9333 2942 8798 5059 1913 9221 1179 573 2072 3027 3591 685 4427 3380 8628 2977 9921 2925 3860 5891 9605 6764 890 5166 7426 1501 3714 3141 2422 1277 5782 2806 440 7331 3237 902 5578 7131 8473 2090 6735 5450 789 9801 3236 2095 7787 6101 5746 381 3550 5462 5932 4614 3932 9828 4084 6608 8807 3724 9388 4939 5000 9700 3202 5364 5068 650 4513 9824 7302 2660 9391 2063 7775 1718 8556 4659 8750 3631 9952 9025 5216 3900 2274 9031 8643 8447 6353 4410 4361 6755 7165 5090 6509 49 699 6644 8350 1263 7900 387 1013 7412
124 3625 6406 4226 1888 4609 7093 7691 459 2921 3970 3836 695 6486 2763 4540 6351 1238 1067 9043 8401 6906 8711 7075 9675 5203 1251 2576 3522 3476 7710 4596 7497 7081 3818 2219 8338 2465 883 4876 8575 2397 5049 7868 2403 4071 2858 2880 8705 3579 4796 897 4127 5915 9238 1448 9979 7172 5901 7758 6890 9862 8644 3718 7626 2102 3850 7440 7586 8945 4426 9148 5991 2242 1561 6225 2289 9823 5554 1488 8692 9317 4065 4919 3223 7321 7707 404 7487 5666 706 472 9798 3744 9962 9296 7265 9119 3378 4534 6661 7695 8215 6210 8961 2325 5534 9100 9790 4351 3773 5346 8014 2097 240 3111 3043 7464 943 9874 6012 8244 8656 8823 436
124 5199 7990 7638 1427 5674 732 7806 8787 8476 5933 1002 373 581 2572 7286 7160 487 9354 5507 8763 4008 2073 7272 6247 4675 2331 3777 7685 1932 5836 5267 9735 4889 6228 3297 2322 2556 6807 9420 9302 8377 3233 5279 1754 6049 3756 4758 9907 2124 6148 8933 1203 1626 1599 2744 3170 9430 512 1659 4440 9027 2371 9498 1394 2804 9194 4531 2722 7672 3570 6872 7347 1147 255 2824 8600 3801 89 9708 4184 9543 2454 4673 6905 2162 3344 9214 267 7006 8221 5294 9074 2146 6427 8069 6410 4935 8552 6792 1244 3209 9525 9052 2270 1367 430 524 494 1189 986 1742 8967 8650 978 3882 3226 8610 3888 501 7063 3108 5104 4982 4744
124 4006 4629 140 3456 7928 1446 1990 1936 2819 928 8373 421 6226 961 6958 1877 9893 3149 8941 320 7209 4598 5654 2673 7304 485 7211 5121 9175 6541 9396 9476 1316 7848 7418 2701 5006 2606 8356 4786 4690 6894 2891 2501 5046 6341 2240 2143 6884 2486 5146 5941 4697 934 6819 9665 9478 7814 2167 8116 9546 3671 7936 3921 5400 7445 1808 4819 3596 5379 6286 1393 4246 1163 7455 607 5978 6714 4252 6560 9106 4979 4078 1928 4179 4578 7887 6739 2870 5067 9072 894 3975 2080 9232 530 1364 1208 7838 2037 4683 5785 4943 6476 2520 1707 4741 7313 4474 484 6015 2528 5587 8999 7267 9942 2084 9880 5916 4920 9140 3377 7811 4424
124 1176 1969 6782 5517 7176 7025 726 9381 806 7429 477 9227 1566 5106 7092 8430 965 2197 7468 3636 7293 1611 766 7425 6913 2267 9939 2903 4945 9024 9884 1594 2798 8404 241 5828 3168 4978 473 6088 7730 913 469 1655 5648 2580 8145 7466 8817 5219 8431 8868 1583 2651 2980 9376 4037 5800 923 8294 6462 6698 1819 4678 8839 7655 9805 3599 3552 2975 3979 9547 3702 3943 282 3277 8479 113 4387 7743 5154 8333 2873 4344 5929 3843 412 5853 303 4992 2017 9437 6902 2013 7794 2591 5708 5128 4780 1671 9051 385 4594 5367 2717 7326 6514 1868 3952 8490 7375 5234 4331 9070 9506 2226 7815 7755 2420 7605 389 8342 8168 4774
124 8197 5244 3135 9647 8367 1985 1480 6587 7401 4412 1260 4268 3721 9122 5512 9345 5050 9778 1829 1455 7784 8386 4927 8898 7623 7119 3564 6326 5309 4647 715 5748 1145 592 3971 1604 8641 5593 8768 62 2540 818 534 9490 499 2941 3352 1837 2032 8316 4840 9400 78 9484 7551 646 3986 1492 8198 4380 5008 149 4090 2391 5157 6681 7309 5925 3700 7416 1078 5580 7985 1237 9169 8616 8385 8111 4539 8299 1137 1667 7486 9239 1567 557 1617 5968 3118 3065 903 2225 7574 4845 4650 403 8281 9108 5513 9833 4466 4467 6625 1552 6125 304 1714 9151 4874 988 959 2116 481 9954 9486 6741 1976 9739 5670 1490 3120 4046 3354 1413
124 4973 6553 6671 571 4827 1303 3359 8245 4688 8026 1813 6709 5678 6390 4707 4083 3130 6025 6914 582 7032 3914 1523 278 3574 2338 2619 6327 3053 7537 2120 9927 3138 2707 5536 2696 24 4896 1743 7804 1133 1096 1194 4691 7614 5454 867 2132 7351 9156 9342 2442 2231 6569 9503 9638 2385 6340 8220 502 5610 2077 3230 5632 8910 631 3029 3783 6150 402 3443 5943 5028 8500 4210 7779 8182 9216 1143 7911 831 3426 3780 9185 134 9271 7728 3989 4109 5821 8313 19 6106 8467 6477 429 701 3896 4712 3974 4189 7414 5375 5178 7846 5870 1372 1043 1804 529 5636 8015 9339 7684 8240 9678 5469 2848 4849 8335 8077 5656 4930 1521
124 5248 9607 8155 4239 1725 5740 8469 1025 4561 7424 1692 4367 2195 8388 7261 6620 9832 2911 7896 729 8740 661 5261 3058 7159 8989 5125 3013 3475 4294 3256 572 5784 9084 7239 5490 4760 7143 6224 8733 9715 9831 4572 4399 4595 8902 9578 956 9539 9395 2924 7274 4340 3677 8608 5263 4140 9351 6597 5730 8464 31 2190 5198 9079 479 972 3726 2055 1911 9157 882 7358 7043 5237 3558 4113 7374 5566 9061 8103 4768 3935 3407 2468 433 1572 2082 7769 7590 2316 9696 3899 4964 3492 569 318 3384 1322 8300 8508 74 6781 3916 9075 361 5942 9887 1083 4315 226 6048 1716 5467 6588 1562 2940 7616 9336 2878 998 1574 3133 2805
124 5235 7492 7837 9724 1971 8018 3351 7078 5358 2692 220 893 8693 8343 3551 7389 4264 6249 4437 4236 189 8044 4607 2726 9841 8060 3041 252 2539 3397 9105 4339 638 4551 3078 861 9858 6849 5100 3126 3931 9670 1801 949 7861 6399 3248 8571 9930 7044 208 6858 9782 8589 5528 9434 1297 276 2577 4602 7920 2601 3220 6719 9240 8362 2584 5185 4649 7974 2405 2758 3678 2238 9192 615 7064 1798 5720 4125 2461 817 5409 5265 1917 8669 9765 333 8180 7539 1698 3842 5200 4917 5479 1629 7024 5488 5629 9496 9314 4230 6557 4007 1142 1374 3870 4484 7212 829 9913 3276 4428 2498 5976 364 9427 7869 9457 2027 1876 4821 5422 1207
124 1708 9772 4955 6550 5432 9687 6878 5977 3252 5711 5992 2996 9078 3480 5772 2150 6973 9694 5210 8452 7359 3720 5750 8712 8436 7630 8923 1136 5394 7872 1343 2370 313 7789 7697 8761 359 1991 6065 6358 4223 7994 7366 4781 6817 2200 8179 6402 8940 5767 5900 2187 1032 8372 2045 7827 8626 4358 6398 4557 1275 4822 5078 7891 8790 7222 9644 9925 4508 7553 9012 5396 2719 4313 7599 4892 704 6185 3559 4496 4228 3425 7942 6141 7226 9911 9321 6461 9947 8558 4075 5459 1924 4524 7449 9229 6245 8032 8321 760 3626 3961 674 3696 1803 4620 2816 1621 3495 8210 1069 5544 8189 1665 3581 8297 1758 6868 9603 8039 9881 5945 6102 5953
124 878 5774 456 9969 8861 642 3894 8264 7563 1379 9932 4216 1948 842 1221 3279 2918 2380 4630 8897 1836 6825 6869 1598 4737 8105 1196 3865 8230 948 1927 9717 2044 725 3376 4411 2445 8919 9188 9528 4799 7193 2935 9686 6692 7780 2874 8052 973 7216 2002 4097 1065 4923 3507 8115 3023 3701 4041 7683 6087 446 3066 3188 6916 4400 185 1555 9842 4287 4897 3793 1500 5225 5471 2206 7252 2948 8640 2955 6070 9501 8991 9062 6385 4136 5241 1115 9077 7578 9507 4194 2276 784 5310 1925 5495 2001 5365 1178 8677 243 4528 9923 3004 5211 3162 3303 6104 6243 2884 3645 9702 6814 5011 4070 620 8110 9065 4383 4575 1773 4479 7476
124 2910 4001 7266 3178 3845 3924 6208 4326 5676 9718 1570 5004 7382 7782 5458 3260 1614 2266 4199 495 4402 9162 5961 3008 7106 5476 3840 4643 769 4680 7208 9243 2747 9237 9810 7049 2706 3734 5789 8607 7052 4657 8048 2933 1766 7995 2210 733 1679 5350 6629 3640 7310 2180 1759 9534 8995 3327 1168 2618 5651 2038 6575 5460 9247 4134 2603 302 5094 1613 7200 8480 8691 6835 3715 7060 2245 6352 6073 8325 2098 9348 7417 75 5712 1712 4942 6420 1943 7952 1745 215 1261 8127 667 1615 7620 6657 8624 1738 3654 4190 9864 7463 2181 684 5938 4653 7496 3901 4139 3102 4302 1747 2826 3433 6780 8570 6976 9155 774 3981 3955 42
123 4454 5617 4877 9755 2551 7291 8551 6254 7067 5431 9332 6488 7935 8831 4081 8041 4726 6648 4192 7138 9150 6612 1588 543 1670 6998 5694 8459 6374 258 5502 9215 5639 5954 3241 1454 7469 7245 9817 3451 9275 343 4725 2727 6691 3733 9538 378 9804 6930 7603 9875 6722 9290 6749 6861 7673 2441 1023 7068 6572 199 409 9989 1009 9171 9562 1834 5357 9904 1683 6018 8047 637 634 2423 880 2590 4898 2458 4261 1871 3345 5520 8604 5508 8754 3465 8937 1045 3602 2406 6180 3568 782 7836 6293 6066 305 4019 6826 5989 1573 7993 3383 5336 7437 6774 1839 4317 6544 6028 1612 6332 106 9431 4512 1193 1530 7878 1226 1356 6748
123 4901 7474 448 2315 6135 9286 1012 3054 3632 8383 4918 1327 8507 9394 5756 7431 9220 8175 4244 5029 1885 3093 4710 9792 6668 5399 3400 4341 8124 507 3005 705 5321 7853 3486 7191 6881 352 9799 7183 4052 6218 2094 4988 767 1415 4997 3018 5960 9758 3 3634 5827 6643 6302 3140 2585 6433 3762 5635 1039 2452 3821 9943 142 7195 8950 281 6785 3864 1487 6441 3035 9331 8694 2981 7141 5180 4088 3609 4043 8664 4820 6794 5844 2173 575 9167 7364 7091 3945 9454 7409 7037 6184 3164 1217 6713 8958 411 6301 1893 1416 7299 4249 7877 2583 1645 4420 2508 3464 9312 6305 5645 478 4373 8162 7570 5562 3977 2908 9497 3926
123 4656 4921 4640 517 3210 8670 7648 9244 6281 1306 8675 9029 9235 8710 5071 6594 2487 8266 940 257 9639 895 9965 1511 3060 2769 5253 872 1965 9413 862 3862 4970 4391 9099 3606 51 4221 7297 8982 1578 6665 8654 4903 8842 3906 109 3797 1970 9871 8758 2829 5679 4949 5668 8028 8288 1107 3798 2537 7729 762 3084 5541 3605 3675 3211 3024 4636 7650 7248 5123 4813 2453 8617 4847 1290 8824 2752 4881 7791 3145 4029 3736 3228 4735 8783 7056 9567 7654 9872 6149 1740 846 7734 9069 6834 6446 3150 5485 2936 3299 8722 3838 63 5647 4956 7711 2926 5327 200 4646 4456 310 2687 8728 5376 5255 7450 4734 5847 7482 6112
123 6634 9716 9646 542 8598 7903 2938 4591 920 6844 3097 9452 9460 5093 2788 6496 6981 837 7925 9560 8200 4087 5099 1647 5174 1334 4067 8864 3016 3488 6365 734 1164 4147 4162 7194 2152 413 900 1727 8246 1776 6904 618 3112 3966 2113 7604 9846 9537 9195 7363 5904 4459 2286 453 7602 4293 2034 7362 6606 3319 7880 1696 9002 5347 2522 904 645 3509 4105 6213 3320 2394 5074 7736 7317 7716 6833 9767 3524 3556 2561 7341 5015 1817 7181 4038 4117 9867 118 8397 2227 1365 5484 8336 5555 8382 1312 3267 237 1779 4364 2795 1620 1863 338 3347 4322 3542 4802 3340 6742 9141 4766 2312 2347 8888 7168 9707 9515 2447 918
123 8707 8147 6568 2478 7256 3523 7778 9438 922 845 3825 5262 8403 1177 7849 9774 736 9389 703 2205 1054 2594 6196 2040 8808 9269 1960 3193 1144 2168 4879 2204 4464 4131 5951 1749 8169 68 9616 4133 8770 6230 6279 9291 9592 7556 2689 4178 4648 6242 6754 8623 4284 4166 8478 7809 3670 1234 4010 2194 321 29 33 7012 3300 4801 5806 9667 3761 5760 7295 3629 8351 7292 7671 8150 4240 6173 3690 1259 2426 7384 9895 6901 1768 2247 1938 4174 9211 982 2344 8609 3171 1610 2490 3218 1998 3748 7280 7233 2485 2305 121 5777 3595 5820 7413 4708 7255 8460 750 488 6212 5718 8843 8040 2395 7777 4020 5744 6710 6770 9355
123 7029 6039 5592 6263 6939 4490 1326 7818 5684 3332 8375 1352 3893 5704 5032 2439 3686 1220 9955 801 2627 7036 989 1222 7155 1419 2502 9869 2321 3239 6951 4144 2896 5682 2373 8226 4447 8922 6280 6468 723 1456 8739 4618 8470 7621 8516 1729 4042 4538 9256 4493 2153 3273 5302 4034 7548 2434 6174 3173 2473 8371 6920 3622 3001 6745 4761 3666 7771 2976 6940 8450 1127 9034 7529 5875 9548 329 5143 9877 4842 382 8355 9327 327 9277 5440 4337 3028 86 2425 1828 3406 7185 285 399 1772 3794 4560 4716 6008 224 3447 6138 2259 8683 3541 6718 7607 6636 2759 7419 9906 8186 3432 1778 9645 9677 1875 9622 604 1381 9999
123 5778 9929 4844 7439 5287 8085 5680 1838 6580 6348 3774 9859 4280 60 8250 9440 3051 4817 6611 6171 7881 4754 4129 4929 1391 9118 4854 3454 609 9037 4360 3779 9432 1313 6886 7883 6777 5406 7585 9347 4005 7494 5755 7542 4256 4669 1182 4243 7908 9997 2518 9629 5653 8567 4207 5147 7013 6645 6599 3669 5083 6075 3788 9554 1406 7298 5671 4694 1292 2771 2637 2241 6035 2786 8886 1373 941 1618 5881 2450 1974 4553 3103 4044 222 7972 2595 1476 4893 5733 353 1478 863 6324 7189 2475 497 1563 4472 3094 9973 8235 6375 5830 7368 2415 4471 8010 2358 1992 263 8738 4633 4905 1461 2156 6052 9112 2071 621 9568 7693 8399
123 5809 4495 3071 8441 3902 6968 1036 287 5448 6215 9693 8485 9087 2523 6615 9316 1977 5168 8035 26 2984 9144 5020 4791 5565 5316 8307 4730 9769 2509 3353 3306 4866 3859 9363 9683 7040 2827 4118 1279 8132 1288 7217 4950 5290 7840 7867 3336 6367 4347 1417 3189 7442 675 8354 503 7810 3453 4651 4200 129 1581 6867 81 8122 1735 8046 8251 1423 6863 628 8862 6769 6024 8518 9816 2934 7112 7855 1677 8391 3283 9971 4967 2185 899 5193 4146 1146 3250 465 3993 4721 1597 331 463 7834 8523 6394 3019 314 2510 3309 7318 5839 6852 6526 6491 4282 4846 1070 1250 9540 5770 7517 8345 717 5687 877 686 1846 2396 1361
123 3573 9178 1152 7179 4128 3127 2030 7611 6003 7019 337 7237 9968 2115 7327 5683 2268 5969 6426 3565 5013 761 9436 7116 88 7373 1995 5873 2810 101 9576 7633 3722 3403 2559 2393 6960 3343 3114 2762 6331 1761 5341 3857 2014 1266 5709 4054 137 7798 1169 6559 3076 8292 9609 3208 12 4311 7379 2733 1181 3346 8398 8651 8499 9681 4684 8879 6376 6729 6308 2856 3661 6278 969 3539 9643 2174 7795 3314 1482 5798 6192 873 3684 2291 2665 1410 6369 9659 7917 3115 6077 342 3123 8489 8019 8203 579 6318 9053 1409 2860 1155 1955 1422 8684 8125 8796 9982 8701 7509 475 323 3766 4237 5081 5688 4080 8118 3264 2244 1993
123 6766 1950 7205 5971 4577 8193 4116 1890 9786 5384 5521 1425 535 4443 4505 9938 28 7323 9421 489 7174 8981 9711 354 5519 8033 5291 7549 5443 4833 8311 2735 9468 2688 1585 2317 8845 787 7786 7361 5229 5667 4095 4233 3710 3603 7754 6994 3142 7490 7432 4581 6429 8135 966 8658 1156 7962 231 8462 3047 9800 7679 5723 6753 7345 4894 8974 2339 293 6270 4303 7744 3679 5312 1084 1198 804 7527 5403 1732 1865 59 9305 9732 7768 7238 3192 7698 4966 7674 9042 5429 9860 2504 2061 5527 7564 1821 6502 2389 7765 5923 9463 5444 5701 1873 9044 415 7894 7320 757 2250 4161 3895 6198 5421 3746 4552 1041 7966 4957 5814
123 3653 8496 5277 2126 9650 4272 9146 1944 8261 1007 218 5017 2644 187 2681 2969 9383 9117 7072 2493 7984 9040 2314 1371 1301 8363 1809 5797 523 8673 7915 1951 8709 1954 4885 640 394 7386 5408 1077 3292 82 1286 8822 8724 8526 6430 741 132 2666 1975 8737 6938 3910 466 5571 5984 4229 9224 447 6649 5139 4281 1652 5608 2519 1061 2883 6622 8505 8887 6915 3438 5374 8423 3473 7471 1441 7571 6555 4769 471 2368 2700 8002 4309 8804 7427 8488 8538 3646 5047 9097 755 2964 2421 1694 2109 5944 7241 5212 2075 1883 6469 9793 9850 9352 8657 8159 9983 3811 294 6583 8310 4295 2582 274 9757 7899 288 2787 1678 1296
123 2336 6129 5640 9033 5781 576 5419 4878 777 6373 5501 3033 1806 6480 2176 2252 8320 7100 743 2494 5627 1460 7221 5413 8315 6356 9653 2785 245 6992 9209 2790 1856 6403 405 1011 7294 8975 2483 4611 6737 5224 6723 5082 1184 2881 9819 53 7410 8591 7923 2128 4911 5158 135 1123 6536 808 5362 1531 367 2290 9357 3735 6556 8543 2571 9912 2416 3689 468 4290 1635 9852 261 9533 2278 7594 4432 6310 4362 691 9109 9102 7249 3795 339 2430 8662 3355 4724 7951 9697 4169 1258 4843 2668 8576 7924 7627 9807 7360 4962 1058 5468 9599 3419 3323 1908 6027 6756 1639 8420 610 7420 4711 4702 1489 2983 3791 1227 336 1124
123 4215 4542 9086 3139 597 2791 8433 8629 5955 3848 4941 4032 9225 5898 6962 6203 1094 9661 2427 8043 6146 3510 4747 7071 4489 326 5457 1619 6656 1625 2374 3365 228 3941 8566 2367 3812 7339 4451 6329 4936 4408 4263 2035 9617 3328 3562 5510 4098 395 9916 714 1843 9252 7059 90 7342 5280 5866 9587 6618 1033 2214 595 805 457 3738 6638 4057 4606 563 9177 1010 7508 1348 426 6853 8891 1202 4545 8298 586 9249 8708 4123 8515 937 7105 8613 5404 7377 6380 5691 5819 1318 3866 6862 5155 1658 6703 588 9475 1986 355 7009 4679 1756 2814 1822 391 2294 2251 6525 7103 1383 540 7002 2287 6046 7964 970 7696 6043
123 131 9324 486 4296 3887 9701 1102 1458 9298 5051 6456 1035 7702 6191 2349 5664 153 7273 5072 6552 5466 1171 9246 8067 5652 4039 859 2659 3740 8908 6738 4623 9245 8697 4407 3452 9405 2853 2477 1600 8925 9010 5993 6750 1293 9551 4101 1315 9998 1280 8812 2713 980 2661 3996 2892 167 6674 545 7828 2041 5033 1582 6630 9384 6080 3484 85 3485 2545 3776 5615 9415 1903 445 4740 8631 1912 6765 9349 7766 251 7512 9483 4164 2890 4421 1457 7910 8745 6554 1662 3759 8389 7334 8426 4120 1431 8477 1503 1568 1983 7598 8679 9366 1396 7538 9619 2626 3692 791 9820 5669 5612 5183 124 4720 27 7624 1687 6570 6464 4906
123 9015 2553 1642 1557 2800 6499 1079 9803 4732 1141 6064 3984 1833 2329 4485 2592 5972 1132 7906 6139 6266 9294 6103 9663 8411 6579 6672 4285 3504 979 3861 1289 2902 2740 8572 1228 9764 751 2154 6751 2183 424 7281 2514 6269 9056 5805 8305 1577 120 8744 4715 8696 179 1741 7833 1029 1118 3767 1931 4915 4582 227 3021 2280 1209 1197 3259 516 7134 2046 1957 1172 2372 9131 1602 3619 7717 5713 2558 2074 4154 8142 8978 4306 3867 4250 7688 2256 6697 7099 7502 3491 5386 374 4746 2163 2407 6725 3939 9063 5215 9130 5705 3681 1879 9047 739 8855 2005 1257 2682 435 6990 8957 2736 971 3287 41 7021 6539 7283 4074
123 3457 5436 4145 800 3255 6053 277 558 2438 4858 9365 7979 4066 8444 5975 1999 9274 9706 180 9145 6847 8058 4461 8597 6221 5724 648 585 377 5987 8093 1904 8061 3991 7269 7055 3240 9292 4985 9233 8765 8773 3693 1405 881 7008 6702 6337 2343 8088 1867 2882 4099 1734 9652 8410 9241 9888 8268 5190 122 6033 2155 8699 4062 7803 9648 1519 6442 2802 8718 3536 1769 3204 2131 1420 8314 1073 2133 8359 4750 6489 6690 906 6252 2222 8985 9300 4934 80 8174 8112 4808 8944 8966 1800 9966 6303 1906 7644 4537 493 7171 5515 8425 5456 8585 2709 990 1112 6423 1606 1507 3245 3873 9566 7000 2069 6752 8448 7631 2488 4015
123 5370 4525 9573 7521 2319 3121 2685 1274 9610 3448 8781 9453 4546 7045 9205 2970 9184 9933 450 5324 6936 816 823 4937 6435 3167 7813 9514 9544 8157 8120 9920 2999 3809 4562 1398 8663 2193 6731 1802 4795 6717 5173 9915 7606 7308 8700 5077 9561 2505 1052 3878 8107 5880 8256 2284 9264 3695 2931 3316 7095 2008 3096 32 3787 7483 1784 5846 4685 1119 5963 1091 6290 508 9449 6412 7518 2335 36 527 9908 1956 3594 8619 4902 1935 887 506 5136 6605 6333 5289 8970 8540 6296 6047 92 7870 1765 2166 7161 4637 5583 8254 1018 297 6114 1764 3235 1439 5498 2346 54 1199 3101 202 5035 6450 1450 6260 6797 9090 2208
123 5633 3160 1424 6445 9510 47 4022 7350 8659 8455 891 9461 9838 2467 9878 8586 7812 6519 6699 8170 4883 3835 7192 6533 4238 2107 7662 4676 1968 2160 9149 7069 6921 4981 5885 4728 4338 3356 9003 1447 5179 5438 4396 886 56 7835 238 7333 3930 4433 9470 315 3923 7788 7534 3270 6400 3446 4610 4555 6888 6357 2710 8143 3754 2159 8924 4114 1167 9255 1418 2649 1699 8005 2318 9289 2476 8370 2309 2775 3009 7916 9795 5854 7944 108 4231 347 6205 5596 2832 4137 5292 6596 1162 4435 1445 8674 8206 7475 460 7612 8346 6746 369 9254 3011 5734 3107 2324 4324 5775 5644 7166 5221 6687 4709 3863 1701 4014 192 2906 8894
123 5787 4394 7506 4171 8531 7349 5054 4628 5344 4376 6090 8000 6097 5843 6128 9419 8917 8083 97 3110 4307 9284 5673 50 3324 8647 1937 1997 9571 898 8466 5714 2705 8881 8587 1150 6694 1811 9057 3232 8304 1675 3655 6682 5184 4798 4523 9297 9976 5994 7270 2957 5862 370 3195 814 5043 2978 1442 5548 5626 744 4619 1385 5076 8512 1271 7856 3933 8042 3804 2446 7301 1496 136 1720 5435 1377 6421 9398 3572 362 9124 8963 9894 7197 7405 5152 7065 2529 3166 9960 490 6336 5031 9780 8228 2962 6832 6986 2409 7858 7479 8303 625 8387 3420 7219 1117 7312 763 6274 7139 1262 780 2092 794 5851 1253 6013 7398 3817 3730
123 591 5296 7118 491 752 9257 5091 7909 6607 5372 3753 4255 3196 9402 6481 4848 7352 2737 9114 3105 3147 5525 6096 5895 492 4914 6214 4481 8954 9359 2302 2765 6167 1751 3567 1064 6436 3538 9980 3928 2388 5087 8494 5889 8614 9946 6216 4980 5634 6631 5038 9261 6864 5613 6907 4969 3683 754 5813 6664 3829 4476 7117 9172 4086 1848 6178 7459 9918 2622 2654 9134 7584 9903 8850 1357 3927 5598 8280 8271 5451 6452 4176 9950 2018 8432 1191 7402 5113 8187 8874 7797 9689 9508 3113 4583 7735 1015 6859 4457 8453 7981 3963 9006 2697 319 2496 5342 3948 1669 7550 2834 6589 6866 4695 852 9309 2217 5420 4135 2414 2177 1485
123 6838 275 2663 3291 2419 9338 1395 8053 2350 656 1988 8762 1401 4806 8907 4348 4755 2657 1636 166 193 7893 2365 1159 3428 8528 3073 496 3879 4663 3474 825 843 4558 1493 7919 6933 6598 8392 8771 793 5254 2480 2991 1918 2151 3516 8224 8439 4203 1126 4910 100 2333 1942 3445 169 9737 6183 6006 2081 1857 9191 103 504 4745 21 3831 8863 4130 2985 2308 3688 2712 2534 2813 3612 5475 3163 5452 6708 1433 3969 9614 7622 1783 3942 7997 7886 2698 5465 4444 8642 9368 511 1005 1736 3129 9597 6897 3224 7581 8364 5151 3183 6734 4419 3349 7152 6650 7524 1923 5062 3075 5395 1584 6850 388 1832 9995 2724 5268 9378
123 6978 6473 6063 7931 1882 5163 6315 3207 6256 2614 1294 7561 9448 673 1541 5002 5003 5382 210 6666 6484 3789 265 3221 8134 1068 8971 2474 6762 4603 6980 6768 7690 147 4478 3496 3182 8063 130 5551 2047 2793 6521 5070 2851 991 1380 6640 4701 1216 1513 8446 4027 5437 8743 9007 5581 9076 7658 1886 9491 3982 6576 6111 3334 6528 7262 5742 6127 9682 5464 8249 5209 3151 5021 3764 1331 3946 3598 7491 9815 7907 3889 7279 2306 7433 520 4738 2877 5040 4793 2503 2751 2683 977 7277 3972 2609 1281 4815 2836 9624 4860 7137 7805 4232 7394 9435 4704 9512 160 7051 3947 8965 670 745 7882 346 9840 4925 6368 6134 8458
123 7027 7498 9414 9276 1661 8801 128 8255 3648 1497 4385 1218 2273 6108 5298 4259 2199 5503 5486 4208 1046 5869 820 9611 2079 40 1529 5491 1499 5080 9558 5257 698 317 1984 168 4875 2237 7157 690 1891 7634 819 2101 8603 4494 44 5522 4138 4463 5018 155 7576 1063 4829 8564 2575 7663 2428 2708 7489 6532 5122 6873 6577 8412 9606 9834 1750 6899 2728 2515 6235 4245 696 5863 159 9472 3321 3785 9406 7580 6057 4851 8099 6206 2721 2764 6551 7001 7443 9808 8534 52 7288 4369 6158 2929 2019 5773 7058 7718 6283 746 3434 4091 5423 4011 6621 6354 6014 9618 87 5858 8875 5940 4488 5343 9579 2588 2033 2954 7739
123 9775 9206 8524 4181 6918 7774 9671 5609 8977 5335 9307 3834 1680 4908 4857 6912 8167 3925 2043 1128 3414 2223 8582 4191 5307 4220 3799 9749 7385 919 6217 7204 639 3254 4286 5300 4931 2825 5686 1695 7096 4682 6227 6231 8378 498 3487 6726 8232 2408 1299 3676 8930 95 8181 3826 6092 1697 5242 7111 9876 4812 5514 6428 8776 2869 1473 7971 178 7546 802 8247 1412 8108 6685 4814 1236 551 985 8422 9137 7230 4335 2937 7552 1961 4395 8301 444 7030 2905 4971 390 5354 5084 3199 4586 6200 6942 1770 8457 1049 4989 4729 1235 5284 3537 3712 8424 5646 7589 3124 6162 9685 2901 3186 4797 2963 896 482 7150 6239 2579
123 4235 1762 2471 4891 9625 1 7329 2699 1449 3098 936 2803 1090 6074 2656 2600 6595 4770 835 1887 9631 5658 7948 6617 1195 1044 4470 8380 8393 1870 3272 803 884 2100 7986 2431 7884 932 2846 654 8736 1140 952 6993 8748 9353 6610 2607 1715 7978 2224 622 5328 7054 7109 776 2599 5288 3304 4460 7243 9931 1791 7980 5410 6271 4601 968 9794 8819 9272 4492 6169 8605 2630 4289 8742 6783 8456 1339 8407 9104 7263 8465 9170 7190 5716 3880 1628 1634 6581 7062 9642 3044 598 6808 3238 7557 4693 8012 2760 9018 4589 858 3468 254 4177 2998 5909 5579 7560 3057 1333 2842 6251 5769 2638 8599 2670 8920 7435 5330 4069
123 3973 2789 3994 4327 7668 6512 1722 3758 1245 1050 8486 9744 8153 5148 7456 6234 7493 6317 4222 9186 9135 2525 1512 7854 3148 5273 6322 1158 2820 5537 4365 9026 4225 5732 5453 6673 4150 3855 9379 7022 3775 6903 151 1922 7767 5170 8374 1633 5201 5545 9596 5222 5177 2067 4056 3128 3587 8098 9293 9809 8753 8076 213 544 2855 2923 707 5573 6181 9350 2872 549 9928 6069 1225 553 6971 7199 4450 6927 1201 5098 929 5931 7937 8890 931 8563 9585 9849 1884 8968 8253 2257 6908 8791 2460 7184 8588 438 3498 8784 5205 2784 2844 5832 7859 1378 9785 4687 5214 3711 6652 123 3957 9085 5567 4218 5133 6540 1402 2418 8847
123 5251 8935 4257 9873 2797 9386 8260 8055 2620 1560 4662 3647 2118 2871 9626 8713 9362 4593 3607 721 7077 4298 8501 5124 1403 8865 8715 73 7114 7311 7122 6140 7724 9556 2083 7127 2742 857 850 8164 99 3517 4536 4392 6818 8653 8555 6763 4782 7515 7745 8549 9845 9464 2749 5865 5947 1321 2904 619 7188 1022 6250 2359 9855 7107 8946 3847 4757 8190 3366 3584 1643 509 9023 2053 5788 7558 6378 6721 1042 5572 5236 3545 1799 6165 2612 2051 7400 7229 2512 3988 3532 5986 6695 1739 3770 4051 1359 6885 6009 5470 2625 8265 3772 3827 2535 8836 4776 599 3874 4722 6190 4681 8214 6647 9487 6856 3089 3381 8821 2946 4148
123 4535 4986 1031 4415 5171 6204 3697 2794 2145 7336 2364 4996 7617 6292 4185 174 3904 3796 345 1298 3295 4587 2171 7751 6534 4076 9493 8590 2839 1080 7567 4480 7932 175 9499 9565 3876 7760 4568 2281 2530 6285 889 5959 1319 3411 4386 7098 1166 6801 8119 8027 292 428 566 6771 9552 3614 1653 6516 4477 8519 6941 7975 152 8365 8029 8714 4064 942 1525 1337 6273 2342 1506 9410 5407 4816 8755 5952 4922 8239 9710 9038 3580 8130 4152 5692 3527 5886 9054 6323 995 1894 6417 1006 2085 7110 3234 4520 6855 4172 8236 4639 1408 3782 7554 1474 8511 2662 7686 6686 3729 3418 1183 46 5826 9620 2042 2417 1089 6001 5478
123 2356 3371 3146 8952 8237 4332 6002 3800 1978 8884 5439 9334 8204 4965 9326 4504 3997 976 6784 4924 3394 8074 4532 2220 7661 8947 5829 1731 5487 1767 3350 7073 3699 4530 77 6362 3031 689 9469 8223 4514 5206 9608 8690 5009 3662 8869 139 1242 266 6295 3313 4984 4699 5019 2720 4206 7505 7023 8191 668 8747 8541 2680 1389 8194 2879 8956 5472 4713 5117 9813 7914 7709 6804 8686 2311 8072 4276 9482 1536 7011 8163 5500 164 6197 5921 1295 2862 8584 7428 1481 441 9282 4124 4441 5322 5378 2243 5317 3136 5012 9988 3212 5793 7822 9268 2608 1421 594 9651 2129 5250 2995 9429 4085 4292 7247 8779 2557 5672 2723 700
123 587 5845 1702 5808 8443 8009 8273 9779 8024 3263 9450 8471 1668 9083 3778 3548 7399 76 8756 6922 8606 2497 3913 3294 7659 692 2089 2526 1733 5985 4270 8769 1149 1748 8087 7670 7196 8557 2261 974 1616 1706 6593 9133 1224 5053 3819 8449 8785 8620 1605 8482 3561 1979 1100 2586 3441 759 9163 7953 3597 5352 8840 6094 2745 1641 2729 2249 5768 7879 7132 655 1684 6379 23 5917 4031 1558 5983 8178 7201 9586 8276 4209 1607 1737 3514 325 2413 5867 4439 2056 2326 7565 7436 5693 4767 9760 2147 785 909 6848 6137 2068 5910 8358 1347 3682 1760 7121 2330 286 1211 8906 9709 1329 7703 2807 7939 8852 5430 8611 7983
123 1853 3540 6067 7851 2647 5803 6944 7847 6637 2264 9036 4103 7998 5856 1916 5818 1099 8278 7535 324 2823 4429 4234 4714 1842 392 401 332 5007 4502 9520 7989 3576 7039 3462 8438 6898 3388 9662 8702 38 7513 730 6115 2730 3824 643 2939 1878 5283 7005 7108 5751 694 157 2288 7411 7146 778 875 4886 8082 7089 427 519 5496 39 9142 3837 7902 2994 2967 9226 2990 8533 3745 7970 5721 807 4026 5269 6425 419 2481 2676 4321 5493 1564 9837 8484 6030 4301 9337 2172 5577 2301 8916 1510 7133 8799 9017 9313 8959 8277 926 3918 7643 3282 1110 6511 9067 4785 7316 7976 6255 6724 2106 3410 7873 2982 1874 8148 8687
123 6159 334 6923 4126 6995 8001 9899 7485 7954 2768 2907 11 1648 6298 9590 7904 1135 2801 3505 9563 6538 1105 6952 9926 2897 5918 9139 9046 798 4378 1138 3339 3494 4167 322 2202 9975 8133 5266 4522 4024 7289 3588 6434 6573 6977 3205 5681 8506 2123 7231 9198 4475 2636 4248 363 6843 8209 9016 171 5385 3268 5313 679 162 7396 5737 1830 996 423 8160 5860 7892 3508 5697 8829 340 8841 6676 3092 3172 4748 133 451 3851 3883 1186 6309 2560 5022 5195 876 2157 5700 3257 3187 360 1897 9505 1444 6684 1545 6531 7756 2927 8547 2026 272 4703 9094 5337 4882 8814 3805 9340 3549 552 7824 3080 6823 6259 5934 464
123 1340 3251 3274 5887 8492 5150 8222 6126 9821 9992 7467 5588 5231 5134 9424 5791 2279 9030 2900 2003 6083 578 7448 1854 614 483 4214 9196 3034 1859 5980 107 2004 8539 3557 6455 6689 3137 4159 434 9315 298 8660 5511 3482 9385 9516 8581 5085 1463 9009 5550 3244 8128 7843 5112 1092 7084 4188 9152 2527 9197 1026 663 7947 7276 3338 2297 3091 6061 2296 6272 7156 2690 6716 2011 3555 1711 8880 8396 5197 6836 5719 697 6880 2849 6928 7656 3521 7275 1592 4035 8665 2049 6889 2778 9393 2362 2757 5223 3409 9039 649 3367 7232 437 9107 6760 9797 8006 5936 2036 4094 9572 6679 8893 3618 5247 2213 7210 2086 6603 9248
123 9542 6401 4165 3784 114 5861 7955 8437 1775 947 4743 6932 1310 6537 5182 1188 1914 6207 1657 8652 6062 9796 2562 9446 6346 2076 7829 1700 2064 1314 4968 1538 4661 9676 921 9318 2555 5105 8184 5998 3271 555 6050 1522 2945 7507 2761 22 1190 5876 3652 7987 4416 4334 5812 8545 2566 7933 8285 6232 627 1690 5807 3266 1284 246 7153 8612 4089 4486 5455 3370 4498 1116 6145 1109 6669 5543 3311 3284 9306 5306 9204 2568 5625 57 917 6919 8073 4672 8225 2006 6542 9492 2852 2613 9783 7305 5116 4224 2864 9210 815 5260 8542 2457 3987 9664 874 3852 9364 4157 4895 7934 7380 6041 8721 234 4751 9041 1864 6522 2182
123 8025 2137 2951 3917 3884 8813 9536 8141 3530 1666 4219 602 7278 9948 8257 8857 8381 3769 8487 4277 3869 8037 9672 5890 6775 905 8767 4871 9014 6828 962 4417 1278 1526 6827 6409 4616 3460 6415 5101 4612 4736 4790 3830 2986 624 7898 945 197 9412 5699 8583 454 6925 2387 1341 1342 9504 7957 1624 1004 2400 3100 740 9303 8953 9959 9847 9374 1239 611 6602 2865 8942 1016 6023 7748 3318 7510 9748 7572 4242 417 1892 2012 7762 680 9728 8234 6355 9595 5762 1676 2920 7667 6688 5433 9032 2196 9064 2960 2203 7014 2850 612 25 4370 9726 4342 5604 8361 6267 2263 8080 1114 8339 8475 5232 5964 3639 470 1724 6364
123 3455 9375 5559 4571 3216 7977 8892 4390 2028 9251 8023 8113 6613 2191 8493 6387 5606 9518 1392 6877 5138 309 671 9934 2695 3361 2139 9958 79 5030 9811 6345 8938 2587 3362 1586 5434 783 1847 4036 5864 6275 9691 7544 7465 7608 5345 2943 5187 2589 8904 9680 3007 7035 1019 1215 5988 8282 2412 6736 9387 3954 229 7996 3956 98 4585 1407 5852 9898 7876 8390 7182 4473 3417 2623 3500 4518 0 2459 9445 3995 5383 2292 7961 2524 5974 7228 6416 8878 5243 1368 4783 2732 2341 4613 2464 4482 2961 2716 672 3849 4899 6500 2821 7625 7330 6017 749 2979 3045 3667 4003 6870 2054 8340 7619 7677 1370 6623 1721 7202 9174
123 3839 7699 4645 4994 48 6313 3660 1265 546 6975 2950 4355 7863 8208 6683 1551 3265 2840 249 9993 3737 3068 2828 4624 7885 6909 5449 1206 8800 964 3387 8896 191 9021 5127 3511 1681 6199 2110 6585 6100 9203 7536 2755 5547 5878 8434 9022 6032 4143 7451 577 7066 765 7926 3980 5982 8577 6563 5333 999 6475 6459 9369 2254 2550 8655 4718 1797 6282 45 126 5088 2215 8020 8435 5799 9283 1308 7251 6983 1502 8218 7700 9125 8216 4574 3909 5297 8360 5710 2424 5842 3742 4576 1122 3395 3375 8774 8454 6089 9425 1907 8472 8131 144 6019 8241 2472 3630 253 4779 9280 4961 6655 5353 7407 1428 8144 6895 5892 2596 5509
123 6237 2546 7004 3185 9128 9914 5619 7587 6845 248 1608 3757 2886 7600 8138 2593 6997 165 3707 5957 1121 5897 2968 7801 1996 8126 915 868 7988 2169 1920 4059 5027 8104 10 3585 2379 5060 7335 2554 9116 7938 8969 8306 9636 7991 6350 7530 9857 8757 5483 461 3478 4887 9019 1691 9091 4430 6715 547 8295 828 8491 7353 3369 8537 3528 9635 3637 2899 2253 183 5137 5415 9523 2114 3222 9557 2914 6733 8384 7862 8349 2369 406 3816 9187 3501 7 6463 1307 5349 4631 3872 4366 9049 6961 2753 9825 6422 2581 3214 4271 7372 5108 3466 7102 8207 7669 5097 2489 1782 5764 6349 3360 1787 4907 7738 6026 3329 5620 43 4028
123 6879 1962 4731 2704 8992 7285 9228 2780 5622 1479 1726 1350 771 532 4825 7792 2693 5441 1630 7639 7665 908 3750 296 4867 1869 3197 3600 4717 6391 9985 9649 8275 6407 6076 9126 728 4382 9909 3077 6177 239 9323 3025 4622 7061 4664 8912 1486 4864 4458 4762 7175 3554 5614 8520 7282 9669 7875 2189 5230 9945 770 3305 2506 4516 7453 2811 4196 5745 8057 5424 4297 1097 9940 2650 4388 2799 3017 3198 3569 6809 1794 2822 5065 1076 2549 550 5397 788 4700 2455 7441 8667 2909 8418 264 4739 7422 6490 4422 5570 6330 295 2671 4204 6147 564 3191 9977 2218 7395 1267 6382 6546 3786 651 7628 3325 4425 3317 2235 855
123 6711 5331 3372 7541 6498 3246 8780 5202 5540 7154 148 2542 3533 6474 1852 4452 5377 3231 7227 4106 6728 3090 9777 289 9751 196 871 8323 5095 4241 7967 775 9311 5489 5675 2781 4002 1940 221 7841 9529 3891 9113 9917 513 1028 3181 2610 5685 8021 410 7821 7741 1034 9103 3853 2462 4787 7832 7257 2104 748 4944 1397 5293 5735 5339 9892 34 1462 1533 91 3950 4573 5446 5660 5118 5759 3881 150 1434 9970 5823 7097 660 9530 3398 3391 6170 5079 1037 3968 7825 9826 4641 510 181 7207 5771 5872 7478 188 1309 7714 3543 5739 7408 6195 708 105 5939 5160 4890 5348 8483 8803 5233 5518 1272 9489 3747 8921 7705
123 6081 5689 3373 3026 6316 2023 1017 4548 7653 6758 7393 443 4946 5630 8286 1247 600 256 8723 3379 3157 209 4455 225 4777 3938 8045 8188 5590 1328 1777 6371 2134 605 7357 8177 2295 3413 1704 7017 5411 6172 6120 7244 7421 5794 7457 5752 6513 9308 9531 9827 5930 3106 5110 1443 7956 7254 9961 3152 9883 8341 2303 9447 2492 9132 6031 1898 3705 9582 9329 7647 2399 8468 9138 7369 6297 796 4346 5373 809 9231 6945 7646 5066 7562 1964 8637 2783 1651 1686 4213 8016 9164 6882 2605 7720 7198 4401 3290 7220 8308 2947 2271 1336 186 7635 1404 8149 3042 4018 4541 4652 5802 223 1820 9202 7444 5765 102 6824 9459 2632
123 9189 2164 6680 1528 8877 9891 3374 1542 7271 5281 4696 5238 6319 7701 2345 9747 1001 5165 5258 7162 4983 993 9183 7516 666 3296 4861 9594 6222 6591 372 4352 1826 3846 4333 7148 5 8851 4975 1360 1535 8008 9674 8442 2234 7965 3083 2327 560 9990 1994 3520 5776 5393 5552 3680 4510 1200 3503 1323 6972 7713 946 4175 9166 6619 6472 3175 8394 9295 6454 3803 1246 3601 5529 4274 3450 1057 4655 6289 8793 6860 5906 4406 1746 7224 5055 6790 7218 5474 2741 6934 9473 5966 1609 5504 7895 4859 3285 9168 6405 6339 3944 4550 8395 2711 1174 2756 8986 4727 8638 4431 4182 7943 3959 5824 269 9110 1660 2815 8789 1672 3261
123 6989 2932 3431 5837 9863 6460 4318 5883 9048 910 6176 1400 3219 7759 6527 1814 5558 8140 4349 4500 9856 3892 2357 6123 2229 5822 2470 7800 7370 6604 4835 2641 6757 2808 8248 9262 5402 955 1981 3633 330 1369 4834 5655 7704 9972 3571 1471 8498 3915 1269 8536 5332 6386 9495 4368 3566 8934 8421 8081 9746 247 4509 8529 1862 630 3781 7618 4995 4073 4405 3519 5677 7458 5790 8994 2952 8428 4316 2108 8797 7526 9173 4501 4119 8267 6439 1771 3515 3061 5899 6370 3771 5141 4828 1780 9236 3104 7592 7523 5398 7555 8451 8474 6335 9500 2384 3435 987 8347 6507 8889 8827 6086 5249 6562 8936 6658 9455 7727 664 9154 5301
123 1376 841 9634 888 4608 3547 5010 8287 635 9422 5560 3792 617 5295 4564 9612 9059 8544 6706 9372 9 1249 4266 8078 8639 8050 259 3898 6635 115 1268 65 6095 9770 4778 8725 8909 1591 8165 5816 3190 2207 9581 6299 5549 4336 5363 840 3687 6701 7307 7371 8997 8926 5948 3330 2060 8766 869 8258 772 2597 7799 5643 7949 9541 6238 2750 3531 5380 5164 7528 341 4363 3337 4642 6265 9602 198 9722 6837 8219 1905 8601 7392 8031 727 5418 9466 8402 3583 797 4519 3665 1650 1273 8883 2410 3015 9604 2440 58 9253 5722 3302 2973 2652 2833 9910 230 6363 3020 9729 9714 9741 3184 719 7783 8013 8427 1151 2320 958
>>>>>>> 88d46cae36376385200b1cc595caada29aa3e446
