25 6298 6784 864 8137 6171 2278 3472 3859 4517 888 6973 4198 7236 8934 6539 7619 8 4690 8103 1537 6262 8999 8284 1918 9188
25 694 9999 5664 3295 1204 254 982 6446 1206 9903 2861 7119 7156 1959 436 9112 3588 3854 5637 6429 5208 2731 4654 3197 3933
25 3962 5366 5663 6410 6110 4460 2797 2203 8762 4688 7933 6320 9104 1414 6045 1980 3781 8026 759 72 5913 625 1501 4364 1259
25 6592 7363 7882 6575 2642 6955 5035 6636 3780 2890 6085 8112 6824 7960 2661 8314 6388 326 5039 9534 8487 9477 8629 202 603
25 3833 8166 2529 6772 2938 9338 7202 2218 8756 8419 294 3317 7200 9335 4040 2428 3899 492 9997 3046 6193 2612 8705 3967 1622
25 2835 6364 5788 701 7824 2201 8968 8140 3640 4665 6812 2128 9519 2395 4993 9203 2413 8019 7900 1335 3998 6226 2314 1565 3732
25 3765 9621 3882 1889 3644 434 1627 7320 8091 4850 6625 4815 5861 6553 7728 3307 7726 6548 7602 7523 2607 7010 8868 5098 2839
25 4021 4599 5915 20 887 9925 9855 7866 7068 3070 1117 6322 5523 3273 2025 2541 1398 6168 3275 7373 5774 3034 4679 7332 2372
25 9922 6246 4841 3668 385 6521 6155 1943 1985 4725 5539 2124 9449 9317 5569 6628 2282 6792 2273 8470 9209 9902 1609 2502 7227
25 6667 6572 8657 1025 1026 4440 4211 2196 8848 1909 5328 6426 7244 7458 1820 260 334 3651 5766 2473 4240 3393 7893 4246 5434
25 4272 8767 2429 2087 3809 1698 52 9545 3969 7863 4191 4929 8969 9912 8963 9711 573 6452 9182 3939 9770 7867 7269 7089 7498
25 4043 1390 3271 8522 7840 2773 8027 6350 6493 7654 6181 4435 4337 7419 1678 5178 2070 6637 7774 8050 2110 4641 2623 4315 3783
25 7393 1761 9750 6449 9868 4265 18 4004 3964 2254 6536 8448 5103 1163 2005 6988 127 689 8593 7991 4166 3019 4110 6113 453
25 2725 6681 9550 4075 7775 1362 968 3548 2387 3972 2877 8127 6067 7475 3023 7489 660 8458 933 947 2114 352 1339 5560 5576
25 1549 8880 7527 3397 7878 5937 7304 3336 1050 3313 2893 58 580 8516 6004 7416 4972 3956 5825 3742 1905 9980 120 6127 8797
25 9955 8074 4623 538 7133 8964 2668 5472 2836 3129 4872 9493 2549 3747 1187 3215 7543 2892 3461 4281 3745 8961 8131 5197 5900
25 567 7493 3401 4226 3338 798 2509 9025 5874 4100 1736 3041 5990 9847 8778 1410 7604 2767 4235 2850 2049 5133 118 6981 4727
25 9732 4571 8613 4470 1435 7753 7559 2611 7762 6774 6210 3160 9858 3550 3222 4129 9378 2740 1635 6128 1888 2932 2687 2326 7733
25 6435 5527 2247 6160 8957 1226 212 7989 1674 343 3679 6919 5473 8506 9009 1238 7710 4445 3680 9686 2950 1760 8685 2865 9318
25 6105 7697 7273 2592 2490 8065 6846 5763 2140 3391 8024 5531 9190 6941 2508 2189 4698 1539 3148 3370 7779 1987 8313 4900 9754
25 2963 4252 7829 3630 485 1891 8335 636 7152 6327 7252 9673 6467 1713 1289 8501 9500 8698 9270 547 8032 9052 9842 4492 7035
25 4489 108 7054 6442 8329 6953 7620 7031 7686 5347 6951 955 7451 9293 1302 1868 4570 2161 3371 3110 2410 4407 8724 6100 3187
25 8656 1031 135 9121 9921 9036 9095 4519 1396 3704 5054 7938 9319 3573 6865 7917 7979 8896 1264 9672 3114 5360 54 6633 8105
25 360 1783 8228 9260 5925 8572 7628 1988 2888 9700 9923 4074 6114 1579 8451 9560 8435 9716 950 3331 3236 167 6671 2117 7902
25 4552 1300 9633 2214 3900 9834 6037 4705 4671 9441 1042 1970 9850 1707 4035 5361 3510 175 5918 7959 6965 6220 2710 507 3274
25 6089 7618 313 9896 1911 2495 2032 3982 5170 4824 7321 4616 3702 9380 7608 410 5021 3287 590 4034 1557 8119 4264 7875 2697
25 7906 4977 4167 5231 5940 2163 2224 5211 3623 2913 8438 9802 4645 2905 9268 6365 3786 5376 4773 6453 9829 729 4192 1132 7930
25 26 3585 8930 4244 5234 3870 5391 7643 5463 464 3396 6596 3719 2807 610 4777 8271 7212 8041 3213 4863 1049 4184 7771 852
25 3666 2805 8123 5504 8115 8241 7477 1664 2310 640 1413 9439 6475 1191 3120 4609 8717 2742 3632 7943 287 3377 7782 3409 7836
25 3157 6715 2849 1555 909 1293 986 8665 7539 9720 1933 6693 997 461 9734 1161 6991 337 6698 6894 1513 4343 8078 622 5172
25 9856 7565 5512 3840 9261 5395 1581 7799 6844 8928 9943 8315 2439 837 1364 7526 3464 1184 6052 1287 5072 6325 5757 3125 3913
25 1586 7189 2323 9458 5714 4892 9707 8079 3191 9074 8488 5677 8815 8017 9161 7164 8207 8799 146 5697 2804 2895 2756 713 8285
25 1136 2530 4739 3520 3860 6053 5895 1547 6595 5988 2159 9348 9916 1725 5393 4292 4660 9645 9031 4980 1424 4783 3387 6034 3805
25 8020 3674 639 1153 8060 2903 725 5964 7449 2536 3736 4108 3973 3333 3068 3069 7240 5818 9011 1320 7841 8987 6287 9329 1399
25 4393 6642 8810 397 1646 2177 8214 6759 1995 6825 6925 7177 6022 2955 5029 2018 9746 4590 6039 8263 7839 5205 7348 9743 3878
25 4562 6040 7452 5059 1134 9985 2711 2876 2665 3180 7553 5838 8851 7463 2741 2882 9567 3758 2475 138 4446 2069 7644 7118 344
25 5516 5626 1566 437 2336 8885 8054 8663 338 9418 251 4143 1508 8982 1794 6164 6003 8145 158 8385 2121 3767 4957 2100 9345
25 6437 3276 1155 6141 4377 1580 2857 6799 9866 4349 2760 342 9631 8231 8761 1583 3016 7104 9300 9202 6014 7834 1168 8496 6863
25 9020 9015 5257 4796 6985 4325 3953 1723 8935 1901 863 3970 6165 2304 9096 6732 5540 2181 3249 4162 2394 6870 4924 6242 8244
25 550 7623 211 5182 6702 3893 5670 2695 9201 3675 8349 6986 646 4247 9347 1952 2896 1472 2997 6487 9956 2597 8398 8414 869
25 9853 3188 3383 1612 3717 7183 1150 2470 5427 5744 1775 8986 2035 8495 2921 964 6558 2251 448 9010 4923 5815 95 1367 9178
25 6300 8616 4867 8618 5157 9848 9046 1590 2724 1573 2730 5651 490 6519 849 4385 6281 7810 8399 545 8790 2048 7411 1471 9703
25 3372 9097 9607 3738 6315 776 6092 1883 6898 6304 7359 1787 8674 4405 9002 3159 3030 6993 3709 5968 2631 1642 2084 1925 1866
25 6157 5515 4114 6889 8317 4363 6459 5346 854 6070 9565 4779 3108 6468 6441 4156 2894 5941 9162 60 9800 8471 5485 1874 8918
25 2226 5904 1994 9399 2241 4503 2780 1330 2303 2465 5785 7178 8718 439 6718 509 3816 8233 4388 4676 6382 1310 5983 5041 2931
25 6086 4582 8465 8535 7060 3655 9207 7547 7077 4045 1431 8208 3983 2433 3729 1143 7279 5245 1975 6859 7274 8948 4250 6689 1080
25 332 6956 4052 3082 7610 449 8376 6923 5625 3051 7215 2582 8766 2941 5706 1098 1682 4563 5998 465 1824 446 2051 8700 531
25 7126 6542 7294 9603 7492 3531 4465 652 6804 3467 8505 3318 5881 3867 5267 6048 5733 9833 2534 3629 1171 7223 8135 6229 9263
25 604 2386 563 4136 8415 1764 5538 7918 5839 282 2302 3119 5959 6624 4938 9246 9354 8949 3452 1099 3752 2122 6162 8159 1776
25 8493 529 4126 8230 9282 3195 9255 9388 2777 940 4858 6421 3952 3864 8529 4283 1900 2891 7251 6294 2296 1151 40 735 3286
25 7260 1964 9533 381 1276 5351 756 5695 8967 3354 8523 1308 8819 8846 5633 6560 5314 6668 4733 877 9617 9463 1403 2033 7999
25 8641 2037 4866 9737 2694 5754 2193 2157 3027 8878 9510 5406 2199 5646 5856 4368 7436 103 7795 2089 321 222 497 3260 115
25 3820 3635 8350 1620 2522 9604 6444 4018 3255 3775 9804 4857 9289 341 5617 5782 7109 6815 7239 2215 5648 5140 1552 3648 8256
25 7032 4332 3228 3145 6249 8300 6318 6500 9906 6876 2056 6629 6451 2348 9013 5942 1284 7977 8970 5356 7181 9274 4263 1917 1890
25 9489 6474 9641 9421 4696 6738 7078 3172 2234 9105 9822 1426 1570 510 4396 7080 795 1864 9586 1600 9872 3771 7630 1227 7267
25 3948 5858 3554 7434 9425 6711 7473 8007 1363 1961 1941 7361 6666 7533 8397 4003 5997 7324 8155 409 2768 9511 7942 9037 6032
25 2864 3450 8628 2482 4956 3111 4614 9883 1826 1158 1083 4181 870 9445 6927 2092 1720 2099 5015 3669 4217 6272 1847 2007 7792
25 7090 8201 8688 6478 5120 4825 8977 717 1374 3662 6010 6972 3924 653 8820 857 9611 4677 6931 9917 4529 9695 4308 8102 1453
25 2727 8912 2209 7306 6935 2624 7330 8211 1167 2016 6212 2779 8173 5489 2279 3381 8478 42 7158 8264 4861 7868 5491 4752 8532
25 6537 8016 1614 1443 8000 8255 427 8537 9473 9508 5578 5000 6184 7843 7289 7344 6088 5859 7290 7833 5535 9629 1267 3093 4899
25 2679 9110 9650 4310 1850 9549 8154 2660 8548 768 9432 3164 705 7811 224 6571 2929 4067 7767 7701 8221 4347 3200 333 8439
25 308 6266 4811 4362 1 2183 8727 1814 8184 2031 1916 2456 1529 9782 8673 6362 727 806 3014 6248 9413 6578 9719 832 8835
25 7430 6483 1494 6405 7509 3822 5748 4605 3565 3519 30 9448 1533 5306 5544 7385 5324 9994 4950 1541 9882 9544 8055 4826 4159
25 206 9530 1140 5984 2017 3076 5991 8170 7685 2619 4271 7629 180 5377 1000 5047 731 9283 2874 3944 4629 4828 7696 8994 3175
25 7397 1485 262 3798 2542 4801 3931 2923 479 2463 2639 7661 1277 989 2793 960 3545 7352 9944 9708 5060 3332 9626 946 1159
25 7095 3441 6910 7316 8574 6068 3524 8538 3553 6683 8702 9212 7250 8785 9168 7633 9803 272 6214 9599 2305 1991 861 9520 9118
25 3985 1598 8298 174 7789 395 9160 189 6502 4356 6207 9088 4805 7716 2743 7850 7400 7123 937 8151 8479 5049 3320 9638 4457
25 9137 9135 6056 2359 8776 3492 8345 4276 5235 5201 3206 2165 8831 9990 8731 4809 4535 6059 4212 1662 5298 9005 8193 9364 8740
25 7076 6094 1456 2289 3094 2622 7221 3778 1782 6285 6394 799 2202 3600 9465 9386 8110 6724 5609 2525 1001 8305 8571 2640 1686
25 5136 5903 9624 1619 4330 2714 5724 3716 3343 9065 9396 9529 4638 7873 856 2096 1014 3723 7652 6568 6497 241 897 7337 2904
25 3558 2219 9150 4041 8615 2757 9197 7376 3656 1576 6491 2081 1048 1939 3365 6481 9992 8652 668 9752 5951 3523 9186 8222 477
25 868 1108 807 4723 8747 2787 8736 8941 8453 9360 1633 3832 9124 4210 5396 6161 9627 6776 4286 2632 5550 7465 9579 4207 8573
25 4853 3814 1355 7256 7030 8630 215 5341 2458 1938 5840 5066 8519 7243 8552 1947 5979 3726 2559 8534 2012 6819 3237 5506 1582
25 9935 8624 1881 1462 7711 1788 6254 470 6153 9685 6798 1687 4871 8375 9404 7384 5756 6914 5457 5631 7500 9724 3247 4792 3642
25 8579 5813 4618 4050 9174 8421 7510 6817 4920 556 9949 4647 3321 7663 2271 1258 9648 3268 6125 542 4873 7600 5236 1852 657
25 8267 3541 9040 1902 2407 9003 7605 6920 3345 4902 2260 7389 9309 8997 165 469 9143 457 7717 2448 4830 4376 5831 356 7087
25 8654 7490 5135 6118 6036 7100 9199 6473 2347 8536 9731 4328 4225 6331 5407 5325 7442 6546 6880 586 8354 9452 8087 8582 7518
25 6237 5123 164 8562 4027 758 6407 5822 5285 5291 3024 4197 3171 1169 1333 6769 9605 5232 7985 7625 6360 3361 2008 5013 6576
25 8461 2313 8627 4076 6000 1351 281 9294 3522 6344 7314 9898 7794 5939 1613 4416 1467 4000 9818 3047 6443 9362 3981 7486 5945
25 8991 5571 5194 783 1228 6381 8701 8777 8871 3639 5420 5871 5009 5508 1601 9584 3521 1375 6909 8794 2249 4090 8636 8356 6354
25 3530 3182 8759 5687 390 1780 2833 9108 1107 8857 78 9620 3141 6839 574 9623 1347 6326 376 9428 4097 2515 8033 1247 2729
25 5093 9322 7137 9674 6869 6758 696 4150 4420 6582 7784 7044 898 5514 7343 4438 1942 7657 4403 5510 2977 36 9262 8247 8533
25 7549 5371 993 872 6202 7235 4013 2030 4862 5492 3424 2591 6585 8788 4965 7399 4974 8288 797 2206 3769 4194 2344 6404 3498
25 1944 3142 4486 1043 4523 6695 9389 2447 3444 7045 2747 8295 3366 9688 5440 8539 571 8883 2812 5380 3513 4548 5159 3244 3469
25 1746 5760 719 4608 9927 4918 7025 348 5486 7173 7088 5727 1578 3712 6897 8104 1721 2285 9806 8039 4395 9781 8343 8752 9453
25 3322 8227 9995 4865 1630 6501 8708 4437 6731 1197 9788 3794 8379 8867 8383 6132 2842 3181 6662 1397 6415 8528 8099 8840 8467
25 2798 7407 6282 6379 8401 7888 284 6411 2493 2156 9277 992 9299 8833 7413 1246 8895 2381 5286 7034 4412 6189 4630 8512 9195
25 93 8164 2637 7582 9198 8077 6672 9148 5107 4780 6848 1879 698 8038 6657 5333 8659 8491 9989 1480 6504 8714 518 8067 5300
25 6712 2149 2046 4721 1887 9852 2557 1303 8348 8061 4995 4551 7727 169 6179 9485 3152 2858 9505 4851 6061 7946 9863 2079 2889
25 7724 8235 3319 2363 6694 915 7785 9049 848 1221 1069 394 228 7837 9314 5675 6901 6563 3649 7423 4573 6597 6386 7023 2026
25 7761 5342 5502 7598 3476 2083 5573 1244 8100 4710 7496 8596 2786 8199 1350 1976 5658 5390 5007 2291 187 6255 9625 1638 4433
25 4717 9469 1084 27 7920 7704 2424 5511 1727 5461 5176 4988 7715 2990 7847 5011 4498 5051 6124 2318 1870 8409 4227 8443 5451
25 9809 5783 2233 6111 1109 4680 6222 7670 9975 9905 736 3020 7975 9298 2095 7961 5350 2543 7507 1771 8257 6498 9064 9343 503
25 1703 3595 7367 8232 9771 2343 4490 7848 4514 1804 9681 4751 8882 8226 4606 4444 25 9167 4617 3127 4267 9004 8754 6174 4737
25 2173 3291 2709 8577 6614 2408 7107 5621 6782 2246 4987 8713 9055 1706 4913 3368 6847 1405 4539 6120 2688 853 3768 9612 5570
25 9745 4855 9844 2867 7880 8583 4935 9687 516 2580 2933 2838 7570 2412 9302 9215 1337 1373 6183 5168 5355 7971 8331 6265 2964
25 8861 2594 9490 7431 9016 3349 2514 4177 8420 9340 8743 1437 6836 6918 4010 7073 150 8853 4620 4891 3079 7965 5927 3328 2329
25 7404 7780 7432 9129 5616 8336 3564 5965 1907 7609 5401 7097 2170 3671 4964 46 5820 5219 9862 3663 8567 1488 1906 6999 5610
25 1422 7182 5145 6954 8646 1009 5568 1415 9996 1636 6337 305 1663 5189 2806 9735 5167 3376 8389 383 5003 3645 4579 8525 2685
25 270 9218 6947 6205 4402 2332 3099 1671 1652 68 8909 2915 6328 7817 463 2802 7040 4453 6121 7002 5183 3801 4945 4741 4068
25 5705 692 1016 2346 5162 3534 4109 9659 3227 624 8088 9415 7575 3092 496 7650 8080 5993 3165 9772 9051 1815 5196 8388 142
25 1754 6099 3697 1863 6062 5264 2722 1572 5947 2298 1832 9702 5413 2262 3612 2503 3904 3190 3578 8527 1734 1701 2399 5615 3071
25 7754 8551 9094 1157 6008 9423 770 3609 8010 1695 2047 309 3329 3689 8739 8107 5215 3802 8218 414 8933 2952 3459 3696 3077
25 3358 4800 9751 3584 6503 498 7007 472 9034 481 6778 4689 8707 3932 608 9683 3920 8975 7998 2544 3925 8971 6471 3543 1251
25 8504 9333 1256 1445 8858 7897 8510 8828 4887 4338 3035 4066 6801 9817 4625 3417 7516 2870 1819 2752 5857 7532 5490 143 9157
25 8839 438 3131 4130 8894 408 4386 8075 6018 4963 424 4400 8996 7603 6356 1997 3857 1096 6026 4277 3915 5065 2828 6545 3571
25 7072 6830 7928 4026 8047 3436 7026 4675 8462 5685 1186 1769 9939 2055 5424 9823 6716 549 4313 583 346 301 4122 5415 416
25 4716 4374 5806 1448 6828 6646 4653 8808 6567 3448 6148 5639 3823 7497 3954 1002 6602 9050 7262 1525 2540 8687 839 8825 3121
25 5389 5780 7342 1476 1913 114 1119 6969 1074 7542 4274 8113 500 4086 8466 365 3072 9704 9559 891 5345 6204 9722 6594 7568
25 5537 4456 2019 750 9375 1190 8800 2062 554 9180 726 9878 8004 8892 5519 862 2902 6403 5455 8947 5934 9825 4536 1840 1007
25 3154 6645 3 7846 4259 7777 6351 9433 9766 6228 5008 3761 5830 3033 7551 8943 1219 7987 9488 5091 5897 3243 9761 5283 106
25 5948 1607 6944 7951 4835 2907 6292 8638 7816 883 6221 8426 4837 5761 9247 9969 1834 2701 6607 4262 2321 5075 9767 2700 5422
25 83 9897 9194 1871 3253 6739 253 6703 813 5117 2644 6952 4908 6930 9789 2145 5524 3352 6073 5337 8176 9552 699 9330 5175
25 9811 6540 8587 6962 8927 9913 6107 364 1093 4299 3577 9092 5187 2684 6561 2367 7944 965 3977 5559 1389 8938 3038 502 9506
25 9663 259 1935 2936 9948 7117 6211 5597 9214 8146 242 9254 6826 2013 3995 4711 9637 1643 628 6608 7050 455 6154 5495 3997
25 4791 6761 1178 3250 6041 1126 3189 8791 7805 5811 867 8898 1623 6482 8720 4103 9982 5438 7261 141 1807 9926 1779 9870 2023
25 8924 4969 2158 2338 2851 5423 5603 3117 4911 9680 3898 157 6020 8434 5740 9231 5846 9029 9436 6803 1697 3194 2789 4220 2115
25 9946 433 766 245 621 8422 921 1418 2819 2572 1920 5143 4171 7142 76 3618 2782 4701 277 3852 4998 7831 5864 8197 7191
25 627 1923 6428 1854 7293 7120 4017 2135 5394 4355 8653 8658 7769 9440 3233 65 7333 9076 3220 6626 6049 6166 5682 6216 2134
25 2754 6465 7501 2253 6997 7858 2825 2146 5835 828 9894 3053 539 82 3374 1839 5901 3183 6401 568 7487 7437 8433 9184 4223
25 8395 9698 2533 6180 3277 900 5657 7179 1294 2966 3707 6499 8723 6734 611 8942 5704 5551 5866 9183 3326 4392 3161 3281 7270
25 1433 5684 6033 1274 9093 8886 9815 1649 9662 4484 2593 9310 6035 3929 803 6363 5836 6245 7742 8416 1645 4096 513 7892 402
25 6276 258 3659 4813 7720 8124 5269 6163 17 5635 1248 8550 4730 4132 7230 6902 386 8203 9216 6013 2975 8249 820 8621 3402
25 2405 7914 6329 7271 2175 9292 39 1921 6794 6808 5957 7545 2811 553 1851 4335 5482 2088 8347 6457 367 7450 2673 9133 2119
25 5870 6700 3604 9785 1683 4587 6959 979 5385 197 5842 2479 7016 9810 7768 1232 6692 6766 3848 1711 7512 2075 7459 3209 2098
25 5379 3968 7935 2239 4401 1611 8092 3617 8449 226 732 1486 830 3468 3556 184 5963 6736 7171 2837 7122 5062 9106 1010 1121
25 109 2261 8262 5956 8979 5221 5067 2875 579 34 3916 8879 7037 3003 5365 4936 1481 8282 7380 102 1473 546 3918 1253 8769
25 9728 4927 1154 2824 5623 7161 6609 3621 3192 746 4637 8189 9642 1717 6516 3037 9873 5064 4387 4504 5357 6145 582 9717 5326
25 1156 1036 7973 2732 7029 4305 570 8865 9408 7854 5289 2633 357 1464 5155 156 5339 3339 6060 3021 7297 4848 7723 6800 949
25 8513 8706 3724 3506 8302 5349 1449 7581 4105 3144 3084 8187 22 2605 4054 7579 7573 8978 353 7578 5031 5200 2847 6355 9008
25 8386 6391 4648 15 3301 5781 1309 8873 521 8071 4172 153 6533 4092 5227 4702 1260 9690 6686 9874 6928 878 6462 5416 1762
25 2706 2855 6929 7403 3382 7388 2415 3866 7879 2552 8945 3252 722 5144 9478 3471 1728 2112 4610 3412 3608 4341 1904 3026 5220
25 9296 9240 1110 9820 7201 50 8371 584 2569 9368 3090 3935 3429 8089 4164 6402 526 5382 6640 2595 769 8369 6621 9286 1201
25 8408 4427 8760 4390 3589 2446 7679 421 2526 3266 5711 4879 8320 5190 132 7225 3760 4044 3139 4430 2454 1981 4575 7249 1759
25 6291 1967 528 6904 3576 3796 8337 7383 9836 6554 6989 4898 2377 3803 9471 8139 7806 8498 4912 9543 3559 8749 8745 2453 3061
25 4382 3133 9331 1956 4999 2545 8863 7898 8936 3863 4059 6512 7595 6544 74 3059 7645 3083 1008 844 2010 278 5282 3241 9691
25 6295 6283 6309 2887 7483 9907 237 4369 6552 3456 1669 9753 5636 8540 1831 6447 3616 2178 9264 2616 1018 977 6855 2277 6371
25 3733 3031 7193 6577 6841 4533 4431 7276 1604 5746 5478 1837 5952 4860 7994 9556 5462 7695 2422 2460 6906 8992 7548 4205 2284
25 995 4626 2696 5329 3993 2721 8185 5536 3700 11 4239 1468 7143 2615 9355 9807 3231 3601 9718 3488 4771 3087 8606 8269 7190
25 4199 4700 9276 4418 8818 8168 932 7315 250 4842 1262 1498 8252 3610 5938 5186 173 6743 3465 972 6321 3511 3686 2311 1792
25 5755 1047 6301 7482 5882 1948 8916 3137 3539 2164 7425 9230 3258 178 4007 4600 8651 7910 961 5279 9773 4344 6098 9947 8196
25 1738 2340 6522 9857 2790 4996 6028 2492 296 2576 3009 1004 4615 6767 3126 4131 1058 6208 8557 7056 7219 5909 2352 6230 191
25 7981 1624 7058 7945 4524 8650 8666 7272 9403 5580 8786 5446 2859 8299 5786 5885 5641 4282 8602 9536 1135 2583 9127 2411 1400
25 748 5364 1327 6047 2820 9835 1502 8072 4640 489 7086 8589 6538 9007 8732 7741 7722 4215 6353 2667 4473 293 209 4015 9509
25 9018 6152 7737 5583 1744 6108 1070 5250 5259 9541 9401 5817 4016 268 77 2803 1094 9200 7448 2078 8728 3219 5045 6063 1115
25 4765 468 5368 8178 3453 7216 5944 3497 589 3245 3147 1213 2897 6653 5608 6191 3817 3348 4359 2590 6764 3749 4141 1254 6372
25 3362 4268 3433 781 5935 4291 2204 700 6523 8681 7453 2065 905 5453 2085 4293 9777 4255 273 8378 5237 4327 9973 5832 1454
25 8877 1551 7978 2998 9019 2945 9273 1087 9962 8711 6440 8584 4953 739 3394 8405 2845 371 5721 4528 493 9574 2259 243 1926
25 7692 816 8725 5488 6017 5171 6223 5305 819 8875 7091 2843 7113 2560 6581 7787 4511 7208 1029 4818 5954 6490 5775 3698 9864
25 8243 9522 7925 8106 7214 7967 1493 2290 9316 389 7825 559 9030 738 2357 5244 8492 1067 6709 6924 3056 217 4309 8612 9026
25 4062 6338 6071 55 605 9797 5033 5334 1065 1306 5622 4558 1196 5191 9090 780 5995 1368 4782 8223 9547 3871 4631 6773 1577
25 6380 730 8424 3942 6590 5408 1803 9694 5038 1429 3198 8352 3896 7984 9911 1992 2799 8637 7474 4182 4032 1763 912 1954 5902
25 5079 6178 4071 4202 3526 2494 8614 1180 2237 1252 2086 5619 4218 2629 3706 4320 5459 7759 1685 2074 6259 2250 4748 4331 4784
25 5572 1676 8876 3178 587 2912 8802 9116 3395 7739 9181 4919 1092 8908 7042 4023 9271 4237 5693 4452 6747 2940 3912 4611 4383
25 2339 5077 8053 2162 9041 5905 3572 8844 2172 6359 7428 4082 8456 2646 5794 8021 3936 8452 13 2320 8049 6198 2297 420 3500
25 6679 7912 4024 1491 2002 9697 6146 9891 9483 5899 9033 5218 3480 1659 5164 2581 6346 7647 4829 9692 1325 804 7366 1743 695
25 8595 311 3296 3327 6102 2550 2437 7099 8210 1855 1321 1062 4398 6279 9119 7569 9677 1218 1460 2625 8812 4823 9239 5844 5679
25 5130 5089 9210 5070 6891 232 8645 134 3067 7626 2292 1605 7415 1011 1930 6939 9444 3008 7124 5199 1104 4628 2376 2430 4429
25 1372 6398 9213 9594 4480 7022 2388 2527 9145 1077 2404 4458 9861 3927 6420 3418 3955 1499 3748 809 8052 712 917 8837 266
25 4668 1175 5522 8186 3438 4468 5101 1596 8984 9931 3512 6454 6251 71 9359 8508 4462 2307 9387 2988 6795 285 3567 5181 6789
25 8770 4553 5332 1693 4907 3265 2603 6383 6142 6112 5092 7819 5094 1955 8483 6652 2770 7752 432 8031 6117 366 1237 7668 5798
25 3483 7713 7853 7793 1559 2166 9960 2774 8773 6433 2148 9059 6970 1504 7586 9635 1528 3342 6323 1661 7986 1318 5696 5545 4112
25 3626 9196 306 8988 8712 8015 5481 1192 3653 5719 1407 1880 1079 5953 6587 9153 1128 5370 1342 1202 2039 7317 6413 3546 953
25 4580 1241 4146 4397 3012 1323 3013 707 7952 9554 3945 8974 5582 2136 8939 7511 1441 6072 4905 1341 8171 2401 1332 846 4326
25 6352 9185 369 7141 4367 3943 6907 7485 5875 4481 1129 525 5600 9339 1198 8023 7540 752 388 5743 3699 307 4037 8594 5854
25 2943 159 5195 5868 784 6392 1785 9799 4568 9783 7266 1657 520 8360 6393 5769 3482 3251 6463 7936 8472 107 7838 2523 5976
25 2521 8822 361 5414 1054 9841 5509 7386 3624 7558 1709 2474 1816 6213 2781 1359 569 9039 5611 5375 3218 5288 9281 1315 6697
25 4360 3544 9357 1974 5040 1989 8353 9406 1245 2705 1774 3782 29 4787 4410 2967 4206 9986 5691 3873 8182 7125 6526 3447 5112
25 928 1574 7681 6069 7997 8368 96 7820 5022 269 8772 4869 6299 6122 1514 7931 943 1388 9609 5592 7689 4931 983 4959 1829
25 9284 5629 1796 4270 8559 6151 310 6432 6336 1996 2655 9965 6867 2481 9666 3337 7285 8474 9548 7804 9429 3486 3032 1230 9042
25 1767 774 9527 5694 2659 7085 9881 6852 5770 8143 3457 944 7852 418 4627 999 7484 8440 7157 6195 4732 4769 7336 2000 9670
25 9535 9557 2425 5891 4747 827 5753 9192 6306 4880 5386 9608 5709 4138 9459 1141 2471 8881 368 9867 2120 6948 8403 9915 506
25 4280 6126 8013 4619 8965 2354 3516 1790 7175 3701 6864 9326 3903 216 3415 8940 7996 5359 5148 5994 508 9089 5102 404 3043
25 9407 895 7541 7131 4827 6881 1215 3364 9027 9532 69 6547 6908 3994 6827 4795 829 3996 8801 9832 5736 7466 850 5804 185
25 1495 3006 2276 3355 6676 208 4073 8334 9729 5525 9241 8843 7791 1072 4663 7494 9600 2403 6744 5204 6448 7669 1336 7773 1719
25 7387 5660 4878 2426 2930 12 5707 330 9590 5808 1684 4077 5458 9107 5749 6460 3462 6064 1650 9479 2107 6390 24 4426 4941
25 8303 7887 2745 6604 6224 257 8803 3846 6389 4633 9521 4961 6357 6308 9353 2409 3665 1063 6273 9838 1857 8889 9924 3357 3950
25 6011 5528 8281 1127 5577 7414 8973 7956 9102 8082 9774 8830 4687 3620 987 4744 4785 761 2920 9890 2319 5150 8291 5228 8469
25 6618 1626 1148 37 7823 8836 7624 6655 1345 3289 7517 1873 129 8224 5601 2432 5417 7257 1091 3874 658 1919 2406 7874 2698
25 5787 8981 3112 8094 5433 9562 4534 6076 9826 990 5258 1752 1041 4404 4947 5599 0 5849 5467 7302 3425 4088 7224 4760 7584
25 4256 543 9578 8597 9587 179 3615 276 638 8311 5892 5335 6976 5428 1250 1020 723 4646 1477 9622 916 5449 3872 9371 8850
25 2152 2717 687 7135 2886 2293 9267 8748 6450 3430 4658 1497 8623 5304 9295 300 1768 5202 3540 2230 1052 8447 7909 2587 6805
25 5936 8944 6601 5710 8169 5301 9397 1999 1257 9443 6656 1307 5850 7927 2221 4236 8870 733 4176 4543 7471 9966 2993 1656 3460
25 8217 1022 929 9895 8566 7594 6021 956 3992 792 5642 1512 6509 7949 9290 7818 879 629 8733 5153 244 7758 9350 3984 9572
25 3499 1772 2331 9187 8069 4094 6883 8696 1056 8520 3919 3443 8258 4124 4722 9125 8001 9454 5114 3489 6374 9742 7718 5085 5678
25 7671 9486 9595 5980 483 8683 4978 5224 182 8509 4745 248 5295 2516 8444 4301 2116 4203 3203 4449 1886 6580 1100 4955 2038
25 1571 6750 9518 7296 2252 3028 4346 4664 2737 9792 9819 5161 2392 9531 8012 2299 3902 154 4163 2379 5431 4439 3557 1634 384
25 2976 6630 3713 2992 4592 8002 4118 817 7808 2082 2764 7800 1195 2385 2442 8278 8558 2267 708 4642 7980 264 8989 691 1130
25 3308 5487 7617 7648 5722 760 1033 452 4311 3715 3797 991 4944 6293 4510 3938 6843 7842 4450 4322 851 6176 3375 2555 4601
25 6277 8649 6093 2487 8181 203 5383 825 9395 121 1631 4137 234 2562 5765 9321 8899 2003 9740 616 7481 8952 6727 6820 7108
25 8283 1507 902 3606 379 1185 2681 166 8993 9934 2906 9487 1882 1340 4135 3455 44 7232 4516 6781 8966 557 2765 5399 5718
25 4728 3799 962 7378 5919 7394 7797 970 5321 7132 2506 836 2194 6570 1509 6209 192 3208 8430 4190 7084 6197 5177 7921 3887
25 2154 7508 2753 7231 5340 5911 8962 5471 1542 9654 9790 1710 5435 3875 3302 6376 5643 391 9451 8162 9155 9779 7105 4253 7674
25 5442 5548 8428 4764 2816 3073 2327 5480 8132 9385 5061 6701 764 1812 435 3335 1312 1818 7259 4379 9341 615 2441 2245 3509
25 1222 2674 445 5012 6206 4881 8697 6748 5628 2104 4180 8134 5752 6957 3622 3128 5989 7702 5803 7599 9032 3484 3901 7057 3155
25 350 6651 8138 2369 6813 7567 9747 6562 8144 7081 6082 4697 147 1739 8864 7101 9414 9067 3193 8682 1240 7286 2652 8581 7506
25 840 4542 1442 7751 5006 9515 3762 126 777 1120 1116 6373 7760 5960 7205 3673 4574 9661 2610 1229 5262 674 4334 5507 6217
25 4901 7515 7546 5238 6849 9475 6961 4389 6915 2113 6140 7638 9928 5469 7827 6998 8856 5088 4422 9170 6643 3158 2962 4794 8775
25 4781 7849 9109 6890 7082 8018 2554 3044 6268 5260 4145 5607 7129 5110 1910 8586 1111 110 7064 5275 2736 8086 8950 6149 4307
25 3143 3594 9482 3311 3494 431 90 6926 9132 314 48 7357 3741 4966 7011 2286 462 347 280 4997 4303 2440 1409 4417 5278
25 9730 1450 3641 9233 2436 1670 1602 9103 5596 8580 2723 2863 399 2268 1595 1280 9279 3917 1086 4659 450 5877 5056 5447 8475
25 8045 7572 4306 3682 1263 4201 5307 2873 4540 4314 7861 1019 4518 9610 4165 7688 3109 994 283 1035 9480 5308 6090 4515 6524
25 7905 4353 9667 2871 6387 9739 4391 8620 8011 3592 4178 6579 5421 2021 5921 9113 35 8669 9384 112 5439 681 740 9651 690
25 9748 5293 5023 8591 5367 2109 9134 1953 168 4669 1856 9908 5883 2599 6878 617 5970 9542 7197 4859 2060 9501 4554 7649 7913
25 495 4875 6574 704 9265 833 6593 2382 7000 2884 7338 6347 7738 9115 5790 4681 810 1735 2937 3240 6877 7588 3646 6458 4085
25 9251 8261 3831 3851 8362 7346 6946 3184 2477 6832 227 2881 7401 8644 6044 5931 7563 1640 2618 2925 2496 7059 5412 6938 478
25 6958 4233 8703 4025 3843 4577 5409 1444 5546 1621 8346 1189 84 3923 8744 3806 3199 7732 8782 9675 7622 8923 773 1301 2759
25 2726 9166 4080 2067 2227 3398 7958 8832 665 8322 3633 2901 2373 3344 5464 2316 6532 6330 1515 9259 6936 6182 94 4538 4770
25 6495 1271 2519 5118 4740 4297 4091 581 5126 6310 7233 4051 8270 2176 2924 4260 5982 4820 3960 6139 9967 4157 2680 4970 6023
25 4298 7725 2539 8829 4055 6083 8340 3603 5692 7018 2872 4042 718 2362 9619 1357 1527 6964 8130 2455 7444 3988 8675 4461 9431
25 136 6029 318 3477 2596 5373 2588 7114 8275 800 5111 7934 3683 4754 7092 5751 2232 843 2974 2510 1114 9 5192 3168 4962
25 8906 2758 7192 771 749 7460 3507 7347 9951 7621 1897 1015 9738 1822 8980 5738 2645 4442 8632 7310 2959 9920 4275 1290 6950
25 5256 3533 2866 3496 6541 6822 919 9099 6658 8855 8639 4411 2548 3451 4806 7093 9438 1811 5853 5024 62 9571 9468 6267 1844
25 6756 647 4005 3217 6225 8575 7429 8903 2123 2635 4856 4846 8905 512 7480 7886 2476 322 7601 6861 43 5827 3216 9205 7165
25 6417 9154 4111 3011 728 57 3909 2829 8655 9227 1503 5124 2551 9808 5263 1216 4123 1696 8827 6296 4926 8592 6922 7255 9066
25 5681 1296 4943 5302 1282 2841 8662 593 9885 4509 8413 2683 8373 9390 2257 5759 3380 9012 6809 4001 6921 6911 2004 392 5180
25 7172 4155 7554 5037 6445 2188 9038 1927 9159 6169 5946 9794 9224 7577 886 2749 3399 7110 3113 1446 4366 9083 4530 9828 7301
25 5381 4979 1203 6042 892 8190 19 880 6978 8959 8907 9585 2676 6369 319 221 7514 1692 4746 4187 2171 9573 3731 6851 8806
25 2675 6158 4022 8814 3740 2608 8511 8287 1546 7929 9191 631 3634 3856 8726 362 429 2258 5828 5712 5669 1113 5926 2034 2182
25 918 6425 2080 7911 456 5436 6806 3921 3976 576 966 5452 1753 7672 4249 1331 6899 5917 5593 3828 9334 1522 920 9795 6771
25 230 7788 4864 7412 4219 4234 7377 4149 4930 8661 2766 8240 8699 778 6787 9017 56 7862 3363 6810 9280 2739 5518 6654 3100
25 2334 4033 7731 7947 680 2848 7015 3378 4812 7136 91 3691 1741 6765 331 1593 4672 6573 4831 2939 3423 1934 3170 8152 8180
25 5595 661 3458 4743 196 1809 3478 755 934 9130 9769 8921 7438 613 247 8377 9539 8327 6783 6983 6455 8326 6438 7206 8610
25 7653 5591 6395 6079 2846 5686 2621 6019 7690 3057 5411 9379 7154 7703 1210 426 2217 9060 3229 2647 588 3971 3422 2358 6257
25 9839 7613 9959 144 2561 1912 4525 2138 4472 1200 2488 1044 7006 3776 8109 9377 9131 2600 9954 1268 6886 9244 210 2712 1118
25 1957 2102 2577 9812 4058 8321 9305 2211 9253 3324 9084 7102 7656 678 6754 5338 9971 1979 4316 8690 4070 3262 7982 7354 6081
25 4565 2928 2068 4678 3569 763 1617 5229 2370 2934 686 6866 4788 9640 7706 3325 2978 938 8248 6065 5598 1983 5069 6884 2287
25 4144 9426 702 1224 6663 9715 4454 4294 6313 3272 1261 6505 1102 4087 1781 5493 9523 7765 6520 5708 710 8958 271 2043 8915
25 5898 7355 7872 7803 6746 1162 8642 6966 9140 1179 2911 2076 1278 7467 3174 7821 7505 7036 4707 5402 451 9311 8058 467 914
25 8893 3692 2179 1032 7801 5676 2546 1750 5734 9981 9249 5878 9628 6366 5068 3106 9324 5972 8022 600 5699 7676 8779 3248 7052
25 7410 575 5400 742 6456 7322 3730 3922 400 8626 3714 73 8384 4302 4661 6566 1366 315 1354 1691 2486 2996 6332 5348 4939
25 9757 2091 7300 9043 1936 8437 5542 443 299 3075 4251 6674 1231 3210 7469 3473 9022 7139 9537 7770 8588 2517 2854 7574 7067
25 3045 5128 6297 3025 6200 6288 4585 1475 87 5662 7145 9582 2435 4632 3528 9726 6078 1060 4057 4541 4230 7341 635 6349 4195
25 6175 8279 5557 162 32 5910 598 7729 9069 8476 4169 8664 5929 1146 2626 1411 9749 1288 3894 7890 8425 8817 3650 8157 3428
25 9177 2351 5173 6485 3677 4342 9846 9171 9172 1802 958 6087 5810 9741 4932 2414 4188 6115 5852 4954 3132 2699 8753 8695 7012
25 2677 1160 5057 2735 720 6312 9176 1799 2444 2195 79 3855 925 6860 7024 7896 5055 5517 4989 2355 3746 8544 6707 1677 444
25 6192 4550 5109 1972 7988 3958 9363 3392 2053 7013 3408 9764 3759 377 7001 3834 9660 471 1915 824 8671 8866 5547 3744 6842
25 1672 6829 9462 4081 8763 1673 6603 9405 6159 1483 4772 4168 7127 2225 3279 8704 7746 5784 1101 6147 7766 7303 1969 1867 5294
25 551 2885 5656 149 5443 4776 2345 5667 2662 2556 2106 2335 9904 4766 4006 1530 4414 263 2484 4531 4643 5807 2620 1217 4925
25 7441 5397 2168 9589 3514 422 3819 9079 8304 2142 4455 9919 5034 3737 6525 8518 8917 2160 8556 9221 7560 8686 9391 5087 8204
25 6968 4158 4428 8160 9366 9941 1343 948 985 1376 4399 2942 7339 5872 8601 9517 1830 808 5108 6588 125 6786 8710 1625 6484
25 6549 1777 8554 3224 7196 3095 1862 1722 9057 1950 9837 7198 8914 5554 6172 5268 9976 679 9217 1791 4471 6274 4474 8852 7826
25 1940 9851 7659 5644 3774 2716 1430 2641 5317 339 3957 88 2649 41 9950 1482 2584 8306 2958 3986 967 2914 9275 8530 7796
25 1176 7358 4089 193 5276 2947 5063 8679 7907 4922 9765 1654 9942 4695 2223 3966 5358 9957 3835 98 5004 5981 3078 2512 8560
25 1071 7664 6635 8355 5217 3367 4127 8891 2926 634 4467 2528 6987 473 3892 4594 5887 505 2654 7772 1704 2461 6811 9325 494
25 3207 8216 8805 8427 8333 8503 6219 5541 7895 5080 9676 7478 412 5226 9901 5450 5299 2585 2733 6705 8307 1770 4049 5668 474
25 1689 6368 7828 5125 5630 5731 7528 578 4808 1103 3042 7883 2044 3883 1177 111 6706 2197 7405 2029 5893 4304 5920 2898 9814
25 2908 2995 6616 650 1061 9569 6232 963 7049 5555 9647 3597 9725 3001 2045 4106 1039 3347 8372 9630 1285 9606 6511 2927 4425
25 8156 1798 4380 4482 815 5432 5081 7736 1313 8098 2918 2066 5553 6556 4285 2565 8142 7845 4532 2147 8051 1235 2198 1365 9464
25 8136 7564 6963 3821 9349 8445 6177 2628 5556 4008 5837 2423 3419 459 3264 4852 6600 3911 7396 2295 7186 3815 2900 514 6135
25 2058 3088 1705 5930 2480 7199 9151 137 8117 907 4436 8792 4896 6995 8040 5552 4934 2391 2380 2418 4718 9256 6137 8737 7275
25 3990 1484 252 1835 3135 1644 116 4759 5823 711 5242 1564 9655 8090 3211 345 1993 894 177 3660 7247 2452 6550 6725 1081
25 2108 6933 1489 5313 1243 1137 5273 1965 8605 5099 6564 4569 4526 2634 7550 4048 8259 1457 2817 1588 6685 8692 7070 2678 1124
25 9144 1748 7869 903 320 671 5100 297 8096 218 5971 8735 2333 6109 6617 3727 1877 4354 131 2826 7488 4885 2212 239 1714
25 2818 8625 5498 942 2485 4287 5674 8691 1569 5924 666 6917 523 7421 3575 324 8172 8239 6975 8129 7427 482 8590 2567 8617
25 9646 6853 2704 9460 6187 3753 5967 6231 8555 4248 9301 8297 303 5152 4413 954 1027 396 2578 855 8277 811 1085 5565 6875
25 7046 8804 8289 2155 3485 4992 3619 7258 6240 2420 8633 1516 6302 1142 676 4946 7555 4300 9078 6879 1892 9877 4937 1567 4981
25 476 4290 6661 3517 4793 3015 6893 6690 737 7371 9563 2853 4798 1849 1199 1319 7066 4072 3770 9513 1353 1170 4009 5558 8008
25 3379 6203 6466 6517 7472 8793 5327 1556 6031 9709 279 3205 6687 1037 5243 9760 9398 2606 2987 1524 9791 1233 8990 9474 9977
25 6814 4799 7700 6721 9232 1951 4708 97 5193 3549 3201 5879 642 706 3535 7556 5716 8344 9900 1131 9830 1737 8746 540 5147
25 3156 1745 3226 9117 7596 3294 6896 637 3018 3757 6284 8860 4479 4019 3107 3652 3085 7027 9193 5530 256 3542 9733 292 7020
25 6080 5739 1283 911 4107 2762 6967 984 5134 6696 2985 7614 8931 1587 4673 2919 1057 3837 3150 1401 5750 9285 7783 5747 2707
25 8301 2191 7734 5923 5241 4036 1608 9006 7776 7877 745 535 1344 8251 4372 4222 5105 6305 5720 1594 5779 1182 5018 9499 9639
25 7536 3525 8547 5606 8163 9558 6469 9843 4622 9189 3808 8237 7974 1899 4775 1492 3280 9713 7327 753 7204 4897 9085 2791 7856
25 8412 3040 1417 2417 5814 2703 5771 5206 1680 6256 607 4423 6728 7170 4655 4838 5772 5526 9502 3961 8600 7398 8116 4968 9514
25 7744 8599 9653 6055 5805 7121 649 1386 5274 3310 3167 7211 6644 6874 7537 5955 633 6627 1034 7263 5890 4209 6586 8206 5320
25 3688 7144 9497 8608 969 4786 9721 8363 3991 81 6290 3104 6275 8722 7041 5698 1145 4361 2151 8042 3888 2328 1304 8402 2792
25 7039 4549 9827 1800 4478 8925 3505 3563 1875 8811 3711 4719 996 2464 4063 1223 4704 7334 7642 8056 7053 1006 4755 4183 38
25 7350 475 9736 47 515 86 8387 2236 2708 6942 3118 101 3263 2507 1510 7627 4170 4365 1688 5867 8066 9164 5533 1801 2315
25 7184 6584 7167 8245 3784 3196 5776 4254 3283 5728 3739 7639 8983 6173 7969 5160 5387 246 8141 7590 2609 9801 1090 2944 1520
25 8062 4497 9849 2438 9762 884 2986 2970 9775 8897 7457 9054 1013 255 6201 2105 7707 1885 1618 6235 5363 8553 775 415 7522
25 922 524 3300 3140 4593 3202 5873 7730 1726 9657 7375 9269 1314 2416 9899 4242 3685 4318 8937 7237 1628 9306 6905 8215 4128
25 3315 9086 2524 2235 9592 5445 5829 5912 3086 5665 594 7871 805 1724 6218 5950 7743 5017 2834 6790 7229 190 7504 8250 1487
25 3406 8985 1898 6472 3282 8390 1928 3886 5142 1173 1281 5862 1751 4712 555 2630 1360 7446 939 931 4119 2371 6506 4802 5239
25 4650 3134 8365 2397 9082 7822 9123 4915 4684 5272 7074 3850 667 4502 5638 7146 4447 8607 2040 9229 8380 4216 3907 2821 2840
25 9601 8325 8795 1878 4789 2984 9570 9526 2248 935 9278 941 363 9158 4909 7318 7312 4483 6238 5225 4882 7655 8789 6535 7248
25 2063 3975 1660 4296 4572 2702 8549 3613 6134 5908 9361 1356 1387 5729 3788 3081 6406 6895 4982 6057 3221 5248 5474 4682 2831
25 6688 6461 3504 3795 1040 2451 8561 3305 7103 51 199 3151 6130 4724 7445 6857 8254 1963 3949 6719 1506 7345 2384 4584 4749
25 5331 3426 9417 2020 6678 5652 2390 6591 4949 325 6170 1946 6144 3811 7864 7051 5437 8212 6691 80 1700 9652 1859 3449 885
25 5594 8477 2538 425 9564 4288 1385 1668 1291 5497 7495 8693 3532 9983 6984 2137 7033 2570 9226 3442 5975 8318 9063 1729 3914
25 290 9576 3636 7919 6665 1378 6730 6900 1391 8481 2365 1742 1305 4797 6261 5819 5826 3536 8774 6835 6385 1125 5165 6934 6704
25 4257 7561 7798 3869 5271 2504 2280 2483 8784 6431 4083 3389 4816 4967 2746 5732 5419 5265 3792 6258 9914 5590 267 8025 3173
25 2101 1971 4973 1937 7019 3830 5203 3064 6670 3414 1188 8286 3080 2103 5793 1773 5466 223 7245 6370 6871 4196 5374 3058 8296
25 2783 8489 5584 9988 6510 7440 1894 7047 1068 3934 6868 5561 8338 6424 2537 3234 63 3303 6361 8842 8183 3390 336 7576 9581
25 6699 2771 6514 6569 9953 7699 8093 8351 3937 2111 9780 2242 8095 286 522 9206 2229 8111 1298 530 5270 9220 6436 4102 7390
25 6977 1599 3360 8309 4208 53 235 4940 2686 2200 9598 8502 9879 7995 7328 6334 1658 9056 6116 8524 265 6779 2830 821 7368
25 8179 9993 6648 4839 4576 9798 442 374 105 6873 4340 1536 7106 7111 4228 688 9248 9332 4289 4729 2653 5996 3959 7583 9337
25 3858 6097 194 693 3940 6409 4844 3495 5426 5050 1088 7116 9961 7311 2169 6785 4662 1990 9466 2094 4895 2275 2983 5869 721
25 9061 355 1269 351 8998 9442 1208 5672 8598 1655 4469 2601 5726 1174 5254 1242 484 5048 552 9909 3777 1297 3411 4803 5907
25 975 7763 1394 1361 2364 4975 2186 7844 7115 7851 7323 1838 2965 2532 148 9165 2973 4928 2361 6971 648 7069 7694 536 3405
25 3670 716 5894 9072 161 4635 4876 6196 8188 871 5277 1348 9091 8634 9356 4720 1540 4821 641 1352 4649 3979 9888 8486 8153
25 7637 8482 6138 6430 4566 8118 5076 4734 7757 8888 9320 3065 8787 4464 4357 3779 3386 3036 527 2651 359 2141 9287 5174 8035
25 4441 8546 2050 9245 2126 1005 9714 4735 3124 9365 682 1931 8464 926 1521 9455 2883 2402 9821 7899 8293 2421 4581 2586 5369
25 7932 3122 5247 2827 4644 6664 2132 8854 6416 8459 5281 7163 6051 4269 2499 5792 4421 5860 7307 7885 1884 236 8677 5465 9383
25 6888 1699 1827 5044 6106 4847 2450 4133 9476 8133 4736 3223 6720 3631 3596 4527 7217 6343 5796 7631 9613 5185 2852 3420 5777
25 5833 6084 5253 2657 7891 4508 2389 5614 2969 9024 1648 5151 2769 3493 5855 7635 2077 2880 9307 3884 3773 7915 673 2457 3029
25 9352 3284 1384 2750 8500 4174 5543 1986 2715 4020 1842 5683 4976 3785 2011 9869 9634 4758 7349 5030 5216 751 2353 6243 3865
25 9978 8341 1861 1292 2190 6717 9512 3246 7207 3105 220 2366 3097 2748 151 1051 9147 7479 3413 2801 3290 2072 9787 5129 8841
25 8044 5095 4666 7970 5319 1046 249 3947 3017 2118 2042 7470 6303 3431 2472 6623 8755 5618 4603 6480 3491 1548 2491 1924 9126
25 4774 4951 9840 767 5688 2208 9689 4295 974 4874 3847 6622 4125 6479 860 3824 6007 8668 3239 9381 3306 7364 3002 1012 596
25 656 1370 630 6400 1708 7941 9876 5586 6412 9507 2994 160 4078 8339 7721 1929 3881 8043 440 4634 4117 5354 9602 5762 9618
25 6280 5352 327 8680 5666 1369 1793 1239 2690 4778 7455 6753 6996 5036 6025 4200 9593 6167 4098 4714 8721 6074 7521 3580 4685
25 6133 8910 2573 8768 4028 1872 8359 6050 5715 3501 4193 4064 3849 5410 6831 5310 4715 6821 6992 7901 3004 7923 3605 6755 8531
25 9456 7786 2670 1207 4161 2755 7242 2445 2691 7957 7534 7288 9071 7714 1603 9223 7238 7003 4463 6858 5468 7955 9664 8689 4597
25 8150 8874 7291 5209 7589 4612 155 9551 2462 1078 6713 5404 8781 4113 8694 49 64 8783 413 655 8158 734 7004 7571 8485
25 9420 7061 5019 1404 6199 6745 5928 1439 9813 4142 499 3466 1841 8798 3278 1893 2501 6551 7519 9149 9376 6015 9315 7353 5958
25 754 6638 6559 4652 6791 787 818 6340 3827 1172 8526 9498 5978 714 9336 9970 5703 3089 8902 411 7712 5680 3951 1023 9122
25 743 7954 1324 5336 4822 9152 6620 1821 6341 8394 1075 1382 9053 9258 5717 599 9000 2666 7616 2720 3787 5309 945 5470 2832
25 3421 6796 5585 2598 8294 2281 6269 5139 9416 4819 2991 1998 3657 7544 5184 6009 8807 8316 6156 3312 908 4738 4512 2617 6885
25 5671 7813 8234 6096 4894 1311 1765 4651 9235 675 4845 8374 9768 1538 3661 3269 9580 4916 6342 6760 2061 662 7284 176 8904
25 3066 8911 1123 7705 5287 6507 1181 1632 1558 3538 2795 8120 8034 4836 1679 460 9871 4564 1082 8382 6680 835 2213 7226 7908
25 5137 585 7392 3826 9577 882 9048 1317 240 1408 2497 8006 9778 4345 4394 5824 5764 1647 8543 5690 5505 5914 5962 9402 6675
25 623 7094 9566 1591 8734 358 3049 1334 9538 5312 7832 10 3254 6476 3561 4834 1106 5448 3353 6252 3359 2375 7683 4767 7209
25 7443 8887 1526 7454 4493 3022 9496 3116 4854 2500 7417 7159 1428 858 6423 1896 6912 295 5501 9561 4522 1346 2288 3350 2360
25 6845 9222 2648 382 3130 9880 9028 298 6027 1329 9596 2274 7963 6834 5634 9023 2856 3204 834 5418 1833 5851 4495 875 9952
25 2547 9845 7096 8441 9597 7865 3136 1550 5987 899 6333 3720 6740 3791 3570 5789 8738 1615 4352 7948 6496 548 9075 1316 6375
25 1183 8177 7992 354 3725 3487 3270 8643 9588 186 67 6903 5932 6528 2207 4499 9467 3946 441 3309 8541 2144 5562 6492 1895
25 8037 532 61 7241 8411 8913 8213 9156 6477 5362 9014 9228 6735 5778 5073 1273 163 117 904 3288 5700 4917 3764 3810 3906
25 7265 1470 1436 9291 3583 5563 5834 6737 8715 7281 6726 1299 6751 1380 3591 7138 8128 826 6396 612 275 6606 5768 5564 3839
25 3861 3039 5115 4674 3789 6414 1922 1984 4814 5916 670 8381 1349 5821 3529 9998 1702 8194 5847 3926 123 419 2518 5 5316
25 5014 4279 5848 1377 1585 1973 1272 4373 822 7953 7435 7641 6038 1665 6054 3437 7682 447 9727 1694 1220 2383 9208 8167 6367
25 663 2238 7640 2763 7210 4189 4014 3186 3708 7678 5046 6508 6723 7802 4153 1789 7748 7502 7940 2808 7356 7028 7881 6470 4002
25 4409 8009 5213 7924 5689 786 170 1059 3687 7535 4351 4179 8122 1479 423 2671 9546 7160 4261 1392 7611 7222 2300 9755 2579
25 4500 6589 632 8161 6557 8198 7420 8236 5800 7340 2910 4703 2775 1505 952 5311 973 458 3475 2734 7587 6632 3980 7687 1869
25 4883 3568 7406 6095 7735 3790 5330 5027 562 7646 4884 9237 7402 2946 9410 6439 6377 5166 9372 7464 1733 802 4232 3212 6945
25 9964 2535 5567 1949 3007 7983 2520 2860 8872 233 5053 2989 3416 9139 4448 6345 6752 1805 2917 561 9373 4046 4213 4762 2916
25 1021 8922 3593 5403 3825 1427 9929 4757 5795 8604 2553 5906 1420 5500 838 5251 1795 9120 430 4496 4134 3876 534 6348 2325
25 7662 6434 957 122 5529 3063 8460 5083 6611 9346 8436 8678 5405 1712 618 8290 5896 9058 3385 7585 7280 8005 1977 9435 5702
25 793 4545 1383 959 7520 4030 5122 8454 8265 4578 8647 5479 5255 4029 7461 4763 6101 7381 8813 4186 6005 8862 2210 9358 1756
25 4466 4053 9087 4958 1718 5246 4546 3672 4984 9312 6419 8569 5344 2057 1784 3880 2613 9351 4914 9644 7048 9758 219 9225 3560
25 7147 4667 1639 5863 8081 1017 4505 9669 4278 8729 9524 5249 4706 2187 7292 4537 1730 9699 7830 2658 7755 16 1419 9484 5429
25 930 7636 8319 9555 3838 7855 1966 744 7213 6982 3074 5082 9525 9266 9327 3166 7166 1038 7005 6659 5323 4099 9910 9763 9679
25 6757 9710 370 4494 3766 401 2664 2571 709 5484 644 2689 8545 6278 2431 5477 4559 5645 5889 7468 8200 5284 8357 4768 4971
25 3684 3965 4243 9146 1755 4952 5475 2393 5149 4906 6802 517 302 8366 4378 7538 4258 9616 6244 8821 9796 2255 1055 6612 8429
25 3793 5673 7 8126 564 6486 9918 8757 2650 3756 6729 8407 5074 7134 1066 9288 3435 378 1519 2814 2228 5198 8266 8392 1561
25 6239 6247 9044 5052 6775 4432 3298 3941 1211 7691 1667 595 3643 7709 3214 1589 7309 6660 4598 7675 4224 85 3743 4065 6531
25 14 8085 6529 4 6422 9892 1543 8956 9649 4985 407 7228 8003 7476 841 9173 6770 3091 3664 7021 9889 6136 1438 3149 7408
25 6833 7513 873 2244 6990 842 9374 794 8946 1393 8796 2153 4804 8603 5113 1610 9430 5016 5097 6 9141 3987 1465 2130 5290
25 7525 1876 8036 1823 5604 7926 7254 1747 1562 5513 9632 9370 5801 4011 1860 9940 3718 9400 7017 2669 2330 2954 4790 4160 5587
25 3267 5303 7677 9665 7950 1286 8450 5627 7666 5986 8209 139 3162 7607 9492 2306 340 3479 8976 7591 2951 4613 893 2459 4709
25 3373 2794 8268 1166 2909 1225 6058 8960 8765 8312 8684 4140 6186 2953 7812 6307 9793 1517 3551 2602 7937 7499 7889 9047 6408
25 9238 3547 2784 9394 5090 9419 3115 2656 1045 6185 9968 6882 6673 6639 5888 601 2283 2813 7234 747 1715 3581 703 8750 7268
25 1322 9945 7424 7008 2443 1275 6335 2604 4670 9495 7295 7462 3185 7422 7562 4624 9932 5520 1914 304 3845 8517 6722 7684 6530
25 4948 3334 9744 9884 5650 4231 152 519 2810 3179 924 7698 3625 823 7331 3356 5454 4477 8202 2868 9272 1028 4204 1412 3607
25 9568 7063 2751 3050 4312 889 6030 1266 1535 2192 7815 1270 7185 4459 6339 2150 2167 9693 4238 5661 9342 2266 5588 541 9701
25 1265 5496 8480 2949 8900 2374 8869 7360 8064 4273 7043 487 124 4589 5865 7491 2317 3627 5579 4694 6260 3928 762 8926 198
25 4521 1843 8455 1328 664 3060 8328 9001 8847 7740 328 6733 8890 3463 2027 5169 4381 6788 5880 3807 2982 5922 2054 4750 9583
25 9142 6215 6464 501 3897 5977 1434 3989 6872 9816 7220 5078 1249 7876 4753 881 8719 3440 8084 4893 5001 988 5252 2052 901
25 5096 2692 3146 4807 9045 6314 8274 9643 205 782 4323 7778 1778 7790 5392 5773 3800 6960 7922 5745 5797 8324 8995 9481 1147
25 2568 9875 3853 1295 1553 9068 4555 533 8083 5521 8660 3590 7071 8442 7379 7369 2220 8410 1423 6823 7075 1740 8578 5999 4586
25 1458 5974 8542 2342 6384 3259 874 4742 4241 2469 4843 6749 9303 335 7083 9369 3330 9081 4693 8570 5233 3813 5605 8149 1865
25 181 4520 5730 1440 4175 1845 2627 7632 936 2531 200 2398 4986 6913 5071 6565 145 6190 1416 4116 7370 8308 8611 2131 8391
25 2231 8225 486 5210 3889 2511 7529 5119 8631 2682 3518 8121 2097 8568 7903 2264 5388 1858 3728 6006 2822 4513 4692 316 6555
25 9668 2400 8622 5032 2809 9658 3999 2738 6534 7372 7282 7391 3841 1149 4151 3490 3454 7667 9705 5384 3868 2090 8358 6518 8473
25 373 8764 801 2036 2761 5589 8920 8273 2800 5654 4583 6194 2772 7557 1379 8771 2823 6980 5296 9656 8417 480 572 3611 8758
25 6002 6610 8147 6682 9984 1545 4904 8220 9434 7014 8563 1073 3340 9080 2014 1641 2006 5476 5002 2129 3434 2968 3054 9937 428
25 8097 2341 8619 9411 2879 8280 7860 560 4713 614 6527 9062 3225 7750 7187 5933 8741 4061 5378 2396 9682 4833 6862 3293 3638
25 66 7150 3750 9035 2972 7530 9234 5343 3446 1846 9169 7299 9528 8497 3862 9308 3503 7870 7964 4910 7747 7329 5876 2643 2778
25 4221 2041 2243 5843 5581 9250 9304 7651 488 9974 4621 6838 3637 9070 4699 3772 2999 4691 4408 4443 4994 5230 231 790 1212
25 7278 677 7857 659 466 5146 7814 1474 5845 3427 403 5735 7313 3693 741 7098 2 9893 606 1496 7169 1095 4147 6263 3242
25 417 9138 2981 5534 4990 6271 1381 8048 5886 2663 544 1653 2350 2205 8849 8342 1651 1089 847 4101 3410 8564 7439 349 5240
25 7781 5131 4889 6650 6489 5767 31 9936 9422 651 3055 4817 8165 3908 317 4602 3582 9553 757 796 3735 6286 6649 5025 2922
25 927 504 1825 6488 9098 5741 3163 3369 7155 1452 3232 866 4056 1209 1326 4185 645 8229 8423 171 683 4561 566 8205 8406
25 1808 9163 8484 291 1003 654 1758 1455 7176 1076 2180 4942 7112 2971 9219 789 8063 5791 8609 4321 5430 5575 5156 3005 4933
25 8238 9297 3963 8404 5441 4810 4229 7756 5127 8457 5106 7264 9684 1421 6619 8507 6797 5503 6684 7939 9636 3304 2466 2869 8667
25 7151 6236 9963 183 2713 113 380 8515 9784 7319 8046 1459 4849 7246 9114 831 890 3722 5005 876 577 6075 9412 6227 8730
25 3818 6777 4886 4266 133 1053 8823 9776 5318 3102 8070 4031 7966 7374 8709 6768 9671 7433 5028 6631 6818 6837 6634 2434 1554
25 5809 8751 7174 1629 1749 3667 5723 7277 8859 7524 5494 2022 8393 4595 5802 5649 9516 978 1757 4284 2728 3404 1234 7749 3388
25 4731 5322 6104 4451 3297 100 3974 1690 3681 7287 779 6143 1606 1279 6311 6742 4120 4348 4038 5973 387 1478 6043 172 9706
25 6233 323 2301 7203 6677 5280 5163 4476 6605 6669 4501 9491 1139 7426 4358 6763 6091 3574 3751 1534 9614 5799 2127 7153 8148
25 9759 4039 21 3400 491 4324 8826 2427 1406 3703 1463 8364 8029 5460 2899 9328 2240 9472 288 9805 1597 2574 998 3763 8824
25 375 5884 1205 1817 8816 4406 8716 5353 9128 8954 3647 8565 3555 6807 128 1945 5261 2294 2184 8400 7972 6234 8635 398 2564
25 7283 3836 3804 2960 6317 9243 4557 140 5612 9323 6994 8576 8431 7612 4507 7395 5549 8951 2356 1853 6741 3710 6427 3123 2935
25 3439 9865 9204 8929 4384 7079 5223 6710 2961 9461 9382 1112 4983 9252 8396 7592 7884 8490 5969 1932 7606 3877 2468 6150 7188
25 2378 3470 2222 2093 7009 2575 130 8742 951 7859 4148 1097 9313 537 2513 2324 2272 5701 2563 229 4069 715 5713 5141 7680
25 3432 3508 7456 3658 7673 8195 9450 5758 511 6119 2028 4434 845 7218 3316 1236 2980 5212 4115 923 8253 5084 2718 3676 4960
25 1511 6012 4756 5966 1531 9503 2059 3586 5266 4921 3890 1584 2498 6974 1165 4488 9987 4604 3169 3238 1469 2589 7835 6241 619
25 4877 5058 3062 5158 609 6024 3910 3384 2174 8919 7719 3103 2693 2614 9854 1962 8310 6854 6708 1194 592 1797 8676 5116 9712
25 9424 5315 8468 5444 9824 4419 9494 7195 1813 3602 2788 2878 4890 4567 9179 4329 372 7503 5602 5499 7904 8076 5647 6762 3481
25 7693 6613 7708 3562 4173 4547 7326 4104 6599 1425 28 1592 3812 5398 788 9591 6250 2368 785 4761 4350 3230 1731 5624 8432
25 6850 3314 4012 2566 9257 9930 8370 6066 1810 5020 2948 8672 8932 7745 1563 454 2956 4154 6647 3048 3537 3891 4047 9242 7298
25 7993 5961 565 1152 2467 981 9972 4339 5620 2796 6129 6583 5043 3153 2270 7180 2073 5992 9991 6131 3351 4591 5188 3515 9236
25 6641 9367 7130 5841 4588 9136 3734 8838 6253 5297 4607 7990 2979 1138 6358 976 6937 1666 5086 2015 2143 1908 7168 906 1193
25 7658 9111 1732 4888 6397 5292 8174 99 9979 5742 5138 3292 3705 2263 7038 3842 3690 4336 3098 591 119 8901 7128 4245 1681
25 33 8057 7148 4544 812 6793 9021 4485 3235 9077 5372 5425 7597 9575 9393 7162 75 5943 1371 2322 8648 7409 104 2489 7308
25 7365 7968 558 8670 7253 207 669 5574 2776 5659 8955 1766 8585 684 1836 4214 2265 6892 626 214 8332 7566 4726 8361 3599
25 6949 3138 9457 1716 7660 724 188 4487 5456 1960 8192 9101 59 3566 2638 910 4636 8514 9615 9100 1214 3261 2672 8418 8323
25 2636 8014 8521 1461 4832 9470 9933 3930 1982 1451 3628 1786 8446 1637 9409 9756 8028 7894 3754 3176 6856 4556 238 6123 1575
25 2719 6319 4152 3844 7325 7615 3256 3694 8108 9887 6016 765 261 9958 597 3299 2558 5121 5655 697 9175 7362 980 6979 2139
25 2064 4560 89 1358 8367 1432 8246 2419 8292 643 4840 4903 2133 7305 7580 1806 3885 1255 3721 7665 3346 9786 4093 7062 2449
25 6916 4317 5632 6378 406 1122 5816 9427 9696 1030 3341 2125 672 6264 865 6001 3527 1978 9678 1395 23 5104 9504 2269 620
25 7335 8260 2862 289 5042 6615 7149 5179 9859 1903 4639 2337 70 4375 5725 204 6077 2256 8242 4656 2071 4370 3598 4657 3407
25 5214 5483 1338 4870 8219 7382 6046 3678 8175 4084 2216 7351 7634 6940 2185 7593 971 4491 3614 2001 8068 9886 3285 9938 4415
25 1568 4596 8272 6324 6103 6840 2744 8499 1616 5026 8640 7194 45 1958 3323 4991 3654 3879 1560 1968 2009 8125 5949 2024 6270
25 3474 9860 791 8884 8059 8834 2815 3587 9446 5154 7809 4121 5222 8972 329 7447 1466 8809 312 213 1490 6418 8780 7418 4868
25 1523 8101 8463 814 4319 7531 3905 4683 2308 4424 8073 8330 6515 7962 5653 602 5812 6598 8953 4686 3010 3978 772 7764 8191
25 5532 3695 2505 4060 1105 1544 9437 6543 9831 5613 2349 6816 6887 5132 1518 9540 1024 4371 9723 2844 5207 9344 6188 4506 6780
25 7065 8276 4095 5985 201 4139 6714 6399 1532 3829 1675 225 3579 274 2785 9073 3552 2957 9211 1164 8114 6513 1447 1828 7807
25 2312 6289 9447 6316 4475 5566 4333 3895 3502 3755 8494 2309 3403 3052 3177 5010 6932 6494 5640 1064 1500 9392 3101 393 685
25 7140 7055 5737 1144 7916 8030 3096 3000 2478 92 405 6943 4079 195 3445 896 913 7552 8845 3257 1848 859 1133 1402 7976
