29 9277 2078 6809 4410 3709 8565 686 6668 2333 9861 3151 7379 1315 5054 8376 4387 3097 4491 6223 4959 1977 9793 1751 5240 48 366 5590 555 254
29 2050 2839 6686 4797 1160 4271 5793 4431 3409 8620 1993 415 5523 8744 596 920 8458 2517 5606 4402 5140 1912 4457 6864 4616 1957 9200 5660 3261
29 7486 773 4044 8329 9479 5896 8132 275 8456 2719 3431 5913 6875 2004 584 4515 8924 5059 2911 7633 3206 7473 9003 8280 2741 6152 1567 3867 4889
29 7764 8496 2094 4941 117 6255 2754 5837 248 9460 1171 348 1312 6700 9030 7690 5332 7580 9402 7437 320 4412 1419 4680 8771 8481 4430 9187 3152
29 1241 5956 3006 7673 8853 8799 5014 1613 183 7156 269 7290 7544 8373 1454 8606 9849 1821 7927 4313 2051 5458 2521 2860 1374 5478 2003 4630 1516
29 1478 9812 4808 794 7713 3866 5249 8108 4828 9587 1112 1127 5869 501 2929 7779 5759 7604 8958 6705 240 7710 6363 7985 3406 1913 8872 613 5134
29 3463 996 6430 4805 6116 7230 8231 3515 9714 4504 2129 5204 6283 1222 8976 7996 1215 6162 9044 9817 5891 4684 3829 3086 8091 4353 4396 67 7763
29 486 8975 804 7904 1439 6451 3360 4293 9891 9149 4730 8691 2102 1596 1931 198 1881 2163 2410 9342 6852 9160 2461 4111 8469 4711 1370 7640 4180
29 1798 2718 6724 9665 7019 813 9722 2817 2317 4704 6312 2818 8962 5436 1969 5384 5360 5804 5212 6626 949 6445 3112 6055 304 7665 3908 3085 2152
29 185 6509 7202 8423 3199 5976 2183 4165 252 2481 3865 8193 5358 6888 2655 2659 1169 1493 1050 435 2303 3475 8371 9238 9507 7660 1488 3087 7767
29 1956 8267 8569 5970 3504 2622 7798 5598 4205 5056 7341 9555 2968 853 3072 9676 9230 7385 7120 4825 2140 9148 6166 5866 8205 5908 1837 2089 4958
29 9242 6543 764 6392 8161 9135 8742 5003 5812 3312 6261 3580 7410 6474 9128 5568 8548 5414 2687 2034 5883 5016 7704 3343 540 1915 1245 8139 2494
29 1138 9697 1757 6252 6462 5094 816 9729 4261 9367 2919 5589 8119 1213 4219 5851 7877 1014 5870 9814 6802 5922 6453 4793 1079 8201 7680 5807 8278
29 2753 5035 7729 8765 3996 5527 156 7883 8202 1849 9696 5021 8272 204 9326 395 2240 337 5302 768 6772 6191 1867 8972 5391 6165 1777 6790 6698
29 4348 1210 1139 9987 9804 9106 8254 5058 89 3093 8585 7435 7775 2282 7292 1336 6281 2920 4326 3650 2468 6961 4450 148 8409 9677 2196 7808 3521
29 6324 7411 4405 7106 9603 9489 4915 5370 9282 8155 9828 8519 475 9592 9451 7384 5220 9765 3885 9585 6973 7648 3429 3516 7170 3780 9998 2729 4194
29 3060 3905 5636 6267 1319 2987 5008 8786 1095 9156 1430 7382 9740 2663 1503 2302 4477 7552 1444 6734 70 931 4181 4374 8844 4795 930 4767 6048
29 902 9730 1662 3581 9165 785 9781 4779 7375 5835 9826 6030 9145 4596 4419 6514 3356 1199 523 1745 5925 7277 3340 3873 772 6619 5270 6794 8942
29 6635 4445 4128 35 4124 7678 5311 4401 3902 906 6953 8878 2114 1107 1890 6002 2714 2420 4545 1024 7399 5899 2276 9776 2440 824 9117 5871 1627
29 102 6405 9575 5772 5577 7567 6978 5556 5491 9077 8383 706 1679 7597 159 2053 5727 9446 5574 4281 5130 5906 6069 8261 9189 4614 1486 6760 6785
29 450 7097 7252 273 3479 3318 942 7550 6755 2770 993 9103 5951 7956 7826 442 2149 7747 7845 6941 8421 2730 6887 3854 2845 4982 5103 9387 2539
29 566 4190 9821 232 8819 8815 2626 1599 26 203 5280 2458 3514 1711 4667 9019 5973 1390 9766 3361 8269 7413 4380 4017 5872 4917 8103 5706 430
29 2035 585 9320 327 8460 3891 667 4429 457 870 6882 4561 8903 2272 6566 669 4287 9007 1395 2588 3638 4189 6851 3287 6357 8416 1377 663 522
29 5333 4576 5749 3450 7062 6808 3425 4548 6828 5122 7010 5595 2137 4939 7664 3468 5779 8939 5174 5890 1920 9235 8897 3500 8204 3141 4899 2526 2367
29 5755 3165 2694 5538 5119 6980 2165 7637 8920 3569 5052 2037 1602 272 2649 4001 6800 3999 9834 5954 1246 4084 6974 8889 5455 1218 5191 6925 4018
29 1814 1946 3879 4108 4726 5847 4417 8667 6473 4243 5710 1279 6204 2883 7057 6061 398 499 3736 8718 7691 1704 1164 5113 2348 8536 9667 2383 77
29 9393 6958 9860 3852 2109 2045 9968 298 7774 3673 7591 6997 7566 9992 4188 2376 4618 3319 7572 6313 5303 3223 3362 8834 978 9932 1564 4557 9433
29 6256 7466 4463 9593 3449 3078 8178 3541 8372 5790 5202 1561 2697 1457 5619 2473 9596 1534 5936 3284 8806 517 6737 4414 5612 4852 9322 8700 6207
29 4984 1181 8840 1075 1051 7736 8306 7564 4663 4517 9763 6230 2090 8732 5462 8546 1813 6587 997 6329 980 1591 6995 805 3797 1340 1971 3986 6121
29 5224 921 4592 7167 1198 409 8917 9923 8905 14 7090 138 165 154 766 1101 4434 1344 7524 9450 9249 6156 9196 4776 8234 5846 9969 3824 2646
29 3647 3241 3231 1923 5521 6014 5628 9435 6517 5471 4998 7471 6269 8684 9727 8741 5998 691 1384 3211 8437 9388 3598 9668 4996 3789 8323 5739 8151
29 2805 7753 453 6310 748 5988 1525 6826 8203 4151 6139 7237 4046 3038 8028 360 3046 1731 1058 2024 6651 4690 6203 9263 6769 7418 3236 3000 1775
29 2076 9950 9032 6536 3003 4790 7157 1133 8324 8529 7787 6347 9107 5025 7526 4449 4204 659 3331 9231 6364 6046 5196 5748 6147 898 2117 2198 9986
29 3810 3715 3675 482 8076 1744 7853 639 3067 5341 1815 7821 7316 2424 4506 896 4787 6176 3785 8140 3180 9286 9327 8490 7282 7901 1238 6805 4451
29 6102 7279 2958 3968 6947 8860 6074 1865 3024 9782 6819 178 9370 6981 1983 1404 3448 2693 4286 2715 6483 1785 8811 7387 8497 8772 1332 2559 8943
29 4681 6861 1565 4849 8427 734 5783 5682 2620 9266 5882 2234 2074 7092 3419 3963 8596 6515 9702 3981 7225 6083 1870 2353 7180 1860 1788 5061 4136
29 5275 7162 6778 531 6215 9438 9294 3632 5994 3064 9144 9704 7772 5977 7112 2106 8823 1841 3611 1768 9496 4139 5373 1961 1229 2830 3239 7582 3928
29 5356 7444 7889 9454 8135 6901 6425 606 5563 3317 557 1680 9627 2635 7129 5299 5153 6666 5539 6328 2224 7786 1005 8776 7135 3134 3 8015 6446
29 9304 4369 3155 9295 9418 4238 9341 268 347 6723 6577 8034 3025 6342 5274 7801 3926 7414 2964 9484 2381 867 3084 1082 1710 991 8086 2590 8030
29 9521 5819 8012 6336 7032 8707 8894 7365 820 1817 6012 1842 9384 3459 6584 7134 1464 7464 4109 5366 2861 7015 5666 2553 7456 9684 6518 6712 7905
29 6860 5170 9317 9150 306 4211 3368 6096 1543 6413 5438 9252 6817 4843 1194 1991 568 8813 1265 6346 3225 9572 9544 5259 9345 6214 5836 3713 9689
29 3857 4347 8393 2528 1631 4980 8144 3469 6557 7850 8673 4209 9256 8522 7419 1003 3728 5824 9869 6194 3530 1866 293 220 4337 40 5136 6229 2537
29 1585 7093 3154 2283 7735 6006 5449 1303 3272 9047 2449 3892 4247 2586 2548 2912 3557 5506 1456 9159 9114 1566 3764 2808 2490 2653 8333 8011 9498
29 2206 125 2876 1206 9411 960 6248 4406 6833 9513 260 7402 3327 4736 9428 7026 2942 836 4672 7245 1254 6275 7227 4771 4763 1682 5880 3279 5526
29 5351 6574 2955 390 8547 948 1258 2400 2452 2835 4942 9616 4574 474 7888 9331 5999 2853 1140 3703 8768 2916 6665 620 5738 8633 1576 6295 4497
29 7929 2267 9965 7153 2432 5404 3106 6732 5555 42 2412 628 3910 6311 4720 5300 8395 6624 8627 7260 2561 2229 4187 7154 2963 1357 3350 1513 1414
29 255 3727 6662 974 8957 2558 8148 6866 4717 5566 2721 6371 6611 799 2342 7495 6213 3978 698 6597 1070 8191 969 7346 2075 3840 5583 4725 1233
29 2300 6949 5335 1217 9506 6285 3831 1418 7043 6355 4885 2359 545 8079 2392 5026 8351 9093 2219 6234 4005 9629 1895 4923 3059 4761 9877 3482 2055
29 2275 7789 8433 6333 9899 9105 4692 4256 7105 1736 1932 9115 4233 74 3980 4713 2271 9027 2107 9984 1420 4040 2204 7530 8847 8730 6704 369 9669
29 7539 7839 6358 1360 5200 288 2662 497 3929 7347 6380 2869 972 5670 5316 3637 7289 2199 6016 8874 1400 5062 719 3599 3615 6927 4383 5519 4555
29 5222 6178 9081 6630 8774 6254 3296 8893 7951 483 6994 5591 2295 5324 1517 8822 4024 4646 4437 7623 111 5623 2421 455 3612 5406 8239 6027 9477
29 3815 8849 6622 6154 580 5162 1765 3133 4702 8671 7115 8379 8767 3937 6952 6212 3575 4994 2319 7183 1966 505 2230 5437 9463 7740 7449 9183 2743
29 4582 576 8887 484 6658 9652 1386 4902 7037 6488 6781 7160 8761 5653 9257 5124 3594 1888 6913 901 3760 1601 5490 7746 120 3048 6113 5551 6308
29 6510 3935 6001 4552 774 9390 9336 3263 7309 6565 927 4349 1049 4255 9180 9232 5121 8930 6613 9110 8327 1625 9154 394 76 7172 7149 95 9873
29 8728 6807 7870 8414 4521 1629 5515 1749 6929 8316 182 7163 9658 2599 2411 6535 8136 5746 1953 7577 1721 7509 4132 4249 3793 5197 3447 1061 1231
29 7503 5091 5541 4037 9038 7522 3328 3663 5445 2279 6764 3948 848 243 6586 7617 9626 4577 6149 6655 2894 1502 250 1320 5708 1048 438 8965 4364
29 431 6702 3498 6503 7210 4039 3325 5357 7307 5926 4359 1784 703 4862 9333 5135 9719 5996 6659 5486 6793 2647 1854 7842 525 7338 4817 4373 3799
29 9487 5420 516 3890 5731 8604 8008 1874 717 8855 1607 2991 9287 986 346 1760 5912 8527 7782 9173 8551 8463 5532 9660 7840 7406 5978 4141 2059
29 7987 5601 3745 2769 8526 2980 9262 371 6368 8370 7980 4912 1633 6206 9678 4038 2527 2188 1686 4651 788 2529 1719 837 3295 3334 4952 4738 6332
29 8929 1259 196 7254 4530 8441 4101 113 9380 9461 8504 4224 4191 4452 662 2672 8405 2425 2594 7131 5131 4185 9651 16 7515 1025 5832 9415 1008
29 865 9643 9213 32 4634 4765 8683 512 1020 5711 9868 4887 6082 500 3358 4810 8694 979 7647 9664 6664 296 1886 8841 5379 5 8094 7390 3605
29 3821 9995 2377 115 9946 8502 8668 5178 3494 619 6115 7804 3502 9760 8182 5904 4299 3148 1862 9303 4896 5560 3385 6710 2981 8725 9078 1389 8532
29 3560 6087 8751 4677 8879 3874 2643 4641 8873 8882 5307 4042 5048 8343 1102 7003 6180 5559 9001 9421 615 3600 642 6810 7222 1606 4173 1168 8060
29 521 2346 8360 1271 1495 1658 3131 1941 9650 3685 6578 6910 3407 448 570 885 8805 2123 2012 8817 5474 5125 998 4490 2975 3777 2952 3682 939
29 9376 6701 1509 9690 3423 6294 8282 5301 729 2054 4954 7071 3544 9364 2695 416 1644 8118 8162 9508 2969 7576 7814 707 3773 9751 640 4073 1249
29 7103 1921 2673 582 9876 5565 8005 4724 4745 5046 1639 6412 6614 6935 2712 1042 1163 5848 1031 647 3643 8410 8552 5288 2803 9381 1663 8050 370
29 6485 403 5465 6718 1135 8505 4655 886 384 7928 9025 8432 3347 2169 7137 5756 3674 5223 3277 410 8896 4540 9525 7475 119 6967 7608 6396 2724
29 1872 4468 7553 1033 1642 9021 4 7367 4122 5696 3876 318 526 3089 600 7076 9960 382 8287 7752 5252 8698 3822 5099 6693 8634 342 7609 4599
29 5354 7712 6356 4236 9620 5938 675 2593 5625 6727 8447 4905 3983 8129 8729 8998 2164 5975 207 6645 3095 1275 5421 9857 5635 3136 8040 6920 6812
29 3939 6442 3960 1481 3806 7481 3143 5693 1992 8631 2877 4267 4065 3311 6890 8876 244 8479 5082 8622 8160 5821 8521 5102 7006 202 1200 7848 9417
29 5071 3686 3408 3862 529 6049 8131 3164 4806 775 3149 8954 6654 7707 3142 4932 4846 8959 7988 6782 5854 9053 162 7732 8474 3499 3386 4010 1800
29 8455 3376 929 1531 6511 9440 2374 5504 7235 107 8319 3262 8571 8562 5659 1425 8724 8363 4848 359 7641 7190 5243 8024 8412 6637 6789 6411 1877
29 2208 388 5641 7511 2307 4844 1505 8092 2031 7971 2189 4134 9615 211 5020 5645 7966 1134 7725 5805 6111 4398 9218 485 7209 3964 4698 3487 6552
29 6695 6832 3193 7882 7612 6218 3992 41 4029 8109 2813 1754 3182 4294 8211 3537 2469 9193 1244 5786 8069 6198 1417 950 5186 5588 1402 152 2112
29 2530 2084 8133 6253 9353 7267 9020 8021 1614 1981 8310 4676 8695 8827 3306 2977 7161 1617 2840 1896 58 9202 5051 8862 6657 2506 3294 7272 908
29 1300 7215 5394 1997 9694 4339 5850 7573 5543 2951 6786 7298 5415 3601 3758 1411 5047 7321 6374 6798 1103 3107 3392 2296 7323 8610 3139 5352 4323
29 7866 3316 5497 4496 895 4633 5814 5734 5944 9184 9425 2810 3063 9662 2857 3850 9989 276 6756 4669 6127 8587 303 1832 6811 5298 4403 7078 5451
29 4186 6863 1791 3455 9809 2782 7626 9210 8566 55 5158 8120 7555 8818 5097 7056 9000 1266 7537 4543 6848 2099 654 8641 1453 9273 7697 8921 4095
29 2934 3938 8639 8970 4536 1753 8073 302 6378 4137 2226 2540 218 6439 6402 8213 7278 3355 5553 9445 5361 8710 6580 2501 6621 8969 9517 4993 294
29 4943 5336 2334 8218 7373 8625 1325 5294 9197 9008 9895 2800 5346 4074 3517 1511 2287 1381 3291 9531 4265 1011 7807 1066 2108 3987 6407 8461 4976
29 1115 530 3684 6286 1230 5657 6128 612 1652 4309 9214 5494 7565 9759 2771 9921 2194 8322 9745 1794 2790 7859 3410 9223 2723 4470 4626 5250 9084
29 6109 1610 8945 1448 8248 8096 6735 9606 6844 6747 668 5325 4062 495 1524 2909 4343 3507 3737 2265 73 3642 753 2262 7261 2686 8837 935 2388
29 9314 6768 93 3300 6530 7916 7824 126 6282 7068 6620 5811 8702 637 7686 5312 8910 1459 5396 1398 1562 518 189 3920 5084 3909 5905 941 2927
29 3733 798 9280 8733 253 2732 1523 828 3606 2160 8760 1329 5844 9468 8682 1188 2889 9457 1006 732 2871 3518 9366 6276 1635 8342 237 720 6731
29 4773 476 2486 909 4078 5500 9886 1698 8468 6095 7742 2891 4200 4673 2340 8953 2306 8658 2442 8643 1060 1958 3695 7354 4102 1856 2564 8595 1720
29 9018 916 944 7074 9275 7288 560 2820 344 1692 3430 4757 3786 7706 5621 914 8902 5798 922 4872 17 8555 4372 4662 2921 5080 5868 2988 2866
29 6273 6660 5295 2511 3531 2155 7208 2692 9686 8717 8003 2239 5146 1743 8071 51 1962 7059 5100 7885 577 8488 6759 9920 1382 6119 731 3561 4390
29 2483 506 8025 9703 4775 3480 5147 1581 9624 1428 5818 9579 746 1304 3105 1019 1801 1069 6459 6461 2448 18 2554 6593 3975 2801 5464 1268 9371
29 7884 8740 9462 258 2826 2065 1528 7652 8158 7631 9204 3659 4827 7430 4465 6404 1898 5060 3523 9638 699 433 4014 1248 9631 6588 3921 9310 4283
29 3153 6791 503 5637 4538 8285 1358 4399 3812 8553 2081 2757 7335 5013 7218 9276 4992 5699 4366 5622 4892 9977 5327 9096 0 5997 3013 2347 8305
29 4686 3009 2072 5411 3051 3422 1081 924 823 7809 2534 3248 1942 8997 5888 5567 1223 7749 1676 928 1708 4008 5213 2220 923 6216 6505 1175 233
29 8938 271 1416 2370 911 4133 4192 7797 5650 432 1677 3094 393 9379 7923 5086 2192 1093 4340 3545 7527 7879 454 375 8238 5246 9155 4193 4004
29 8857 4802 3057 9942 8271 8241 3770 6904 5732 9588 8429 160 1917 6302 6090 8642 1323 8246 8660 2739 8401 1251 5826 3716 5575 7169 7926 4223 9228
29 2077 2863 9284 4158 9914 4715 2393 295 8081 4269 7819 2918 7600 9043 4012 6706 8880 7931 4965 6138 1214 7345 1654 1552 6379 2913 2953 2313 8297
29 2326 7175 68 2618 2247 5495 3282 3781 2947 7594 1497 7425 3159 4935 2179 9014 990 135 6013 2309 4195 1820 1211 8083 4513 2046 814 8013 8130
29 3438 5722 9082 8384 1626 5287 1980 459 3397 4569 621 7263 2731 9350 3243 7997 3140 5989 6024 9475 7910 5909 6677 9236 3616 9237 2209 4182 3506
29 1087 1098 2049 655 130 2349 8576 6454 6098 9788 5941 8117 855 8824 5075 229 2578 2497 2992 8777 4259 2406 8110 5487 9057 6541 793 3993 1783
29 1096 2598 92 4551 7186 7542 7100 2563 7177 5355 2019 4425 1650 2064 5573 5133 5330 9744 7490 426 1205 6447 7142 6037 1847 1337 9422 4685 8884
29 9709 4142 5895 91 7045 7627 3574 2158 4585 5004 7197 1715 4150 4411 151 9139 8675 1080 694 6208 8029 5470 5402 7865 709 5946 230 6070 4495
29 6159 7703 2816 9054 2583 7769 8918 3313 5037 6745 7401 201 3185 6757 9743 221 8288 7722 9302 2066 427 3215 8260 2457 2650 4597 2244 6625 6504
29 9762 2928 5180 7512 7113 2856 6468 1313 7448 1324 6345 8188 2495 551 1855 8352 2794 7405 9934 9004 2822 2750 8361 6341 9741 9221 8263 8167 797
29 7229 2018 4159 8067 7053 554 7035 3012 4665 9715 7644 2717 7480 3708 8462 4220 8758 822 7143 1948 8367 4163 3882 5031 8074 3023 8402 6231 4987
29 3510 6922 7935 9810 4895 9827 7462 2252 2487 4050 4502 3706 3755 6862 934 1901 7461 2744 951 2249 4804 1540 4829 81 4360 1759 5704 3477 8515
29 7192 1476 8478 4746 4252 1851 2324 9791 1707 5633 9910 3665 9439 9377 829 5215 9298 7535 8124 4482 9500 6550 161 1776 8215 5290 5924 8508 6105
29 145 558 9285 9147 2793 3031 1388 3293 8992 6325 1989 6382 6045 7538 656 9752 7903 6060 2996 8659 6897 5002 3802 9226 1255 4737 2417 9299 8156
29 4393 995 3961 4478 266 4809 4168 3826 6883 6317 7669 8533 7692 2241 6792 3220 7628 3451 2625 4363 9063 7348 150 65 3076 6131 3091 110 745
29 5640 46 5547 3711 5118 3835 8861 9831 7610 443 7447 1 1758 546 6618 1771 4967 6470 8906 9723 3723 6409 5985 8318 6466 9583 4645 8286 9688
29 7474 3174 2570 1683 1936 7532 3794 2132 4747 2041 2914 714 6873 2245 1092 1327 5684 2284 3538 5773 8579 6464 9538 7408 3717 9374 7969 6492 8228
29 4129 2788 9465 857 7325 2470 6424 1299 7785 7199 6881 532 7981 9171 508 9516 4999 3324 915 8235 9051 2935 7492 5195 1443 6741 1137 6839 2666
29 4975 9594 1178 29 133 2870 9598 4664 299 7992 7737 6224 96 7967 1052 1520 8919 4199 5931 7274 1891 44 2423 6053 736 1770 7368 5548 3641
29 4031 4749 3010 2358 6123 4328 653 5453 3379 2404 3341 5971 2652 4904 3456 1291 4083 5369 733 4607 3817 9523 3596 7242 3400 2638 8154 2028 9829
29 7671 9152 434 2394 3333 351 6823 3297 4285 5457 4679 1620 6444 9931 1546 690 8368 8159 2181 8068 3058 3522 7897 6384 9199 9981 4068 1347 8320
29 4625 9894 3491 9206 8026 3801 4972 8591 7185 143 6984 6064 2426 6303 8314 5315 8949 3090 7958 4072 6919 8425 7122 2979 5347 1702 4875 176 8559
29 5033 6612 648 7716 2568 7091 2623 4714 2949 9090 7601 5801 8273 1220 8883 7102 1773 4227 2547 983 5649 5528 9509 2600 5620 3914 6401 2191 317
29 5877 1447 9731 3958 7505 2641 2851 2378 1084 5183 1894 2523 6889 2184 4154 4728 6647 622 8296 2905 5323 3843 3109 4092 6133 2144 892 7098 3787
29 722 9966 2974 789 3558 3962 2961 6609 5368 750 8866 6112 188 2874 2821 5129 3454 2937 4907 4043 7504 8442 9091 9851 7677 6605 3564 2516 5907
29 4420 4637 3837 5750 7973 1482 7687 3271 9533 6091 6765 7940 1326 4105 1013 8594 6746 4623 3433 5277 56 3853 2615 8618 8057 2854 4357 3265 7872
29 2213 3273 2779 1705 6238 8864 2175 2696 9087 193 1693 2134 4591 7858 5104 5942 3590 4307 5378 6966 3354 8258 4379 9192 8636 787 350 2940 684
29 2083 3256 4494 728 4962 5132 1929 5849 2849 3260 2235 4167 7378 379 1584 2097 8994 5800 1839 8982 7778 6976 1183 6008 2005 8851 7138 1825 7276
29 2566 4937 1236 7451 8080 1532 4741 3698 2485 7460 4272 9560 4093 129 9663 6161 4171 9780 1128 1368 5827 492 228 493 5674 7682 6956 1346 7334
29 9163 9936 8303 6389 329 3604 4117 795 3950 3329 2938 3868 3603 5602 5983 6092 4462 3322 2667 6197 5838 835 1224 5761 2389 8457 9338 6349 2943
29 1808 8212 8111 5671 3562 6155 7596 319 1295 6247 257 3896 4086 520 2544 725 6323 3668 9574 809 2509 9937 586 7776 1022 4562 7121 6740 9897
29 1616 9138 3800 1634 953 6529 1699 362 2127 124 7563 5176 5010 5413 3563 2597 7717 5703 2508 6219 2277 7986 60 5776 5422 5433 7374 2056 5472
29 1804 6703 6495 2499 831 9300 309 392 7065 2885 2301 3290 4138 3150 2636 4308 8573 9459 1690 5342 4289 1074 5258 2725 8104 192 4533 6476 2962
29 1496 1703 9253 6436 2751 69 5159 1664 5952 8685 4794 2970 3417 9316 2437 9973 9820 1990 222 1339 626 5505 8892 5499 3750 1463 352 8842 4244
29 6824 9746 5582 8284 3074 9391 4469 4454 5072 277 721 7422 2795 7280 8890 2266 8299 7445 3103 7478 2299 2121 3689 1651 4901 9116 3473 6089 7595
29 7499 8291 1550 9522 549 6103 4327 8898 8568 7256 4742 7268 5244 1728 8597 6990 5663 1145 6900 2887 7663 2786 9816 9813 5489 1688 3102 7656 2898
29 4778 2413 6663 4298 6110 226 6972 8750 6293 7900 3936 2489 4202 5074 6359 1385 8780 8157 9313 6062 7178 7837 751 1441 6932 4448 3954 2446 1264
29 7932 301 9016 8388 8355 1161 6432 3714 5939 5685 1415 7303 5261 1232 6585 465 5698 7066 4507 5611 6674 300 9033 4225 4523 2611 1518 487 4312
29 6685 4509 7548 9633 1952 8602 365 246 569 9777 1151 4342 9600 4950 1043 9581 3702 7067 9553 5236 3275 1994 6307 683 705 8400 7881 9967 3825
29 3740 8045 2930 8611 9059 4826 872 617 5719 8300 4554 9502 2322 4721 6683 5156 4055 9979 2603 4020 5550 8341 9408 1085 3251 8411 3303 15 1274
29 7204 6158 1570 8977 8657 462 7012 2522 7194 1121 3884 3274 45 9072 3096 528 4857 945 2812 8331 9634 8963 440 451 742 7661 8125 5009 36
29 7721 4115 7355 7158 6072 214 4627 2789 2868 749 7048 140 7439 1030 2471 1152 4160 4027 8290 5865 6004 5964 8814 5617 2819 1667 7306 5245 3108
29 336 8398 1272 5142 6094 9528 1730 209 2796 1769 7642 4922 5766 3372 2218 1257 5237 2983 6998 281 5148 8923 1588 7743 8609 7409 3377 3039 1036
29 5531 5843 8913 6393 6502 4388 1812 3814 8097 5431 9750 7133 7494 4689 4756 5248 4270 6549 6687 754 6641 3249 6616 4100 4329 9239 3474 3940 5460
29 8062 1868 4814 4647 3492 907 1572 8852 5247 9185 912 8014 9362 5694 7319 3381 8888 9360 597 7314 2338 2022 4041 4624 1132 4731 4206 9141 2325
29 8646 3205 2462 9083 9290 2172 4856 3034 8528 2029 861 8237 1434 2122 3144 1038 3956 9306 3990 334 8354 4858 1938 7086 6292 287 4744 3536 4424
29 7110 2903 1987 7287 7207 2873 8968 3370 6418 3460 8770 7913 6475 5845 1436 846 7358 6993 2999 8487 6779 5592 9770 9862 2025 4659 3722 9259 9108
29 8000 8408 2855 5382 6933 3778 9610 1852 6063 52 2651 9896 7795 3742 8747 437 5005 5441 3083 2946 7231 5344 4836 8820 9712 4120 4155 8795 3631
29 7196 7876 7698 419 1541 6979 3683 8259 9540 6472 5463 1375 5558 9395 167 6143 6038 9645 9996 2454 5230 8672 2061 9545 447 7791 8608 9657 9510
29 1741 1479 6562 5586 8800 6226 4208 7233 8332 9203 1455 1136 383 3330 2572 7541 1305 2957 8952 5725 9735 6205 9871 8735 9893 8697 2966 9909 4090
29 4201 9413 6271 9111 6375 5143 4460 7833 1065 893 417 5168 6185 9954 1857 8245 9467 8224 8759 1029 7828 4166 8116 1352 5630 1551 8391 2752 1440
29 4919 7827 4023 6150 3743 2478 5714 5823 2606 965 1023 4693 79 9403 759 3969 7087 100 3387 2630 33 4114 5861 4218 2637 3922 7223 3124 7672
29 9632 2524 5440 7412 4179 3610 7021 5777 4505 5655 3571 8640 2403 567 3439 1580 8430 6528 6440 8513 6777 3788 7004 9556 609 4963 2257 6320 8531
29 3988 8189 7831 1729 2665 8243 2095 6867 1167 1490 3710 3726 6338 515 977 9705 4908 9455 533 5154 770 8914 6581 7283 8262 9146 7968 8051 3692
29 377 9453 3489 527 8677 7579 7847 1091 4019 3344 3234 1278 6354 1130 8679 1726 8785 175 5624 7533 8833 9060 7337 7636 6257 838 8839 6080 713
29 2136 2327 7266 9244 3040 8558 6561 8225 63 3828 8492 2982 3899 761 1285 7918 9526 844 1713 6056 4164 8007 6934 2408 2926 9670 1727 5898 6065
29 1766 4703 9875 8912 3679 1507 1908 2436 3071 6521 9881 305 2579 8183 386 5856 5887 9219 3759 6602 3633 1834 9022 6564 4226 4492 8217 5152 3587
29 7972 4822 791 4484 8397 4542 7751 4861 2948 9779 1902 2767 1027 5686 5087 8194 6853 3228 8150 1191 6508 6604 8247 9537 6120 3132 2884 6322 9243
29 6416 5692 9464 3927 3434 7017 9845 5363 8870 2834 2704 8486 9801 9305 7042 8264 6494 8358 5993 7284 7757 1734 1740 6675 1369 3044 9296 7581 2682
29 9790 8549 9311 2363 1974 6572 8664 4498 4436 6522 7031 8101 9911 1536 34 6164 7476 4531 9118 9900 3880 2967 2202 4563 9904 5423 2167 5456 5609
29 937 2899 2492 219 9101 144 2345 4878 2294 4432 4874 6335 6429 4051 1714 3481 5185 4131 1306 5542 9958 3121 6936 3278 4052 2632 2772 6431 9916
29 5328 6463 7331 3214 8313 9642 2151 5775 1118 782 6334 8185 1797 7352 4257 6617 5886 2532 4604 718 6801 8454 697 6190 9042 693 9866 6233 3782
29 3201 406 3974 5712 9949 511 5291 9478 6174 6386 5616 5587 1805 9480 7400 278 2862 6856 7036 103 4135 9839 1510 7463 7270 4207 3586 166 308
29 4838 6245 7846 9536 1571 2399 8033 8176 9127 3554 7760 833 4816 4649 7815 8530 3808 8581 9068 9926 8798 3304 7911 289 2460 3766 8330 8754 2409
29 616 2429 5701 1947 5444 3110 9656 2505 3841 3310 8736 4549 6134 2726 6279 7666 9778 1548 5852 1399 105 827 7762 8210 6796 3017 9100 8983 4075
29 4304 8964 9382 6077 541 7546 6263 5900 4232 2384 9757 777 4486 1252 4914 4394 9490 7869 5297 2576 4228 227 8362 6917 4818 5677 9260 2104 4654
29 1742 863 7720 3550 1473 2656 9499 1260 8500 8904 9818 5857 4273 9935 4522 9396 282 7472 1228 88 5664 3203 4352 5484 8986 2308 4295 7187 5305
29 5853 3952 1619 5757 783 8321 2474 2500 8052 5428 2614 5392 3934 9261 8232 7273 8233 9865 4404 6343 4341 7832 2344 5979 2131 5552 834 1823 8406
29 8494 1968 8378 9767 3859 6351 4610 8054 2864 4441 5762 6872 6350 9040 5367 3052 4386 6415 9026 3893 956 2254 7330 2939 8826 8134 2285 4712 548
29 356 4015 8674 6694 7802 2908 4697 8252 5742 2096 9448 3032 6262 2289 1835 7044 6634 3177 2900 1407 4821 9416 2904 5647 9029 9882 6600 1321 8612
29 5544 2807 8082 4748 9880 9050 1615 4553 7340 2551 1737 8173 1235 2222 7857 6818 8396 976 7755 8168 7614 3173 9414 2391 4203 3484 259 1474 1116
29 6849 9288 1310 4060 7919 7001 4426 3946 3509 5493 7465 1878 5256 9976 3973 763 4145 5181 9577 4221 9682 5915 1976 5085 9182 6033 4461 2867 652
29 5194 5571 6101 4169 1355 9519 385 2536 7127 9617 9554 3614 8175 5959 878 2956 1466 4409 5594 6878 9142 5720 4254 6707 6871 2896 3326 1150 1810
29 5810 6195 8784 1863 1608 1618 1577 1906 8900 331 9701 9978 4930 9787 6242 1438 4172 1373 7 1037 646 4094 9568 6179 1076 2737 1605 6742 1442
29 6352 7590 3264 7630 4297 164 1421 9359 420 3286 7251 9927 6893 6776 6249 6100 4642 8769 7300 7075 3656 2263 9323 5405 1338 9913 6228 6050 7683
29 9123 7159 5969 4991 134 1844 7599 7727 5840 4030 6071 142 6722 9398 625 355 5769 5214 6118 8470 158 8340 2764 8404 1114 1789 9590 200 9961
29 7659 7822 3054 6499 1512 2111 9075 2783 4947 7295 6743 1780 2705 9062 5914 4927 3959 9982 509 1979 3349 1172 5713 9470 8984 7317 2441 7249 9655
29 1549 5652 6880 2128 9681 3172 4089 1595 1521 2713 2838 4422 8564 4631 9429 2936 5400 8654 8 1824 4433 7117 6680 3288 7585 8027 2362 8605 3061
29 7342 4070 4584 1538 7574 9785 758 8580 6939 6107 932 1988 8123 251 7790 8031 4325 340 2640 7963 2984 9441 1350 8177 137 7257 7359 6330 5439
29 9783 1555 9822 3924 5279 2560 316 6523 5260 4589 94 1656 3624 9648 6788 2273 8485 963 2180 9207 2459 9133 4112 8465 9854 8539 1747 9985 1433
29 4595 8850 6533 4865 4214 9220 8257 9201 2214 3418 7165 8812 1204 3373 3129 9870 4475 215 2288 5949 5362 2197 6232 1959 1187 4606 9737 7051 8220
29 4473 5780 4743 8336 8778 5576 5651 10 711 3415 869 4384 5687 1539 6690 4653 672 1876 3209 2120 4842 8422 8936 9647 519 6923 3404 6783 6813
29 6606 1723 1514 3395 8036 8541 661 9922 5253 4248 9434 2792 4956 7560 1934 9573 4082 8061 1174 5231 2200 904 5095 9747 9535 7469 6963 3979 3207
29 1397 1826 6594 8946 2355 4121 7955 7622 1733 5285 5089 3167 2728 2768 3030 4253 5842 9246 8451 7906 2738 7784 2203 2373 1412 4925 8586 8174 2451
29 730 4157 78 4034 6367 6568 9552 3553 7559 7353 4354 8509 363 9267 4315 2331 177 1221 2591 2124 5017 8312 3036 2464 6140 2680 524 5262 9997
29 6814 4487 4488 6631 6441 11 6137 845 2931 2274 236 8483 6673 6361 2895 9611 1208 4036 3339 8399 2585 9710 9970 4104 3396 378 2872 4968 3402
29 1483 6831 8978 4921 3579 5537 9975 1328 3190 5198 2258 4840 5434 3414 3259 9786 7452 3062 6821 5897 1830 1499 5171 8163 5520 3525 4894 1491 3181
29 1467 9325 4575 4845 2574 3226 3007 682 4241 5545 6337 999 2368 6638 8289 3033 2365 97 3461 6419 1542 5077 2925 8979 2581 2146 4284 6042 7658
29 7954 1099 9412 3696 858 5597 2145 899 7562 5001 5608 1318 6915 664 9582 3216 1697 5962 8471 8449 5741 7978 5740 2207 7506 5034 4602 4910 6545
29 6692 1944 5339 4801 3240 3082 4986 1057 6729 5672 1746 5488 677 8727 6968 3985 3428 2660 9659 2304 680 6299 8557 3457 3436 3844 7907 1963 2888
29 2533 4146 2797 1189 2892 1928 7094 7871 1973 5206 6555 7022 1179 5947 1394 4467 9774 99 4519 6608 5022 3004 5320 6806 6487 1822 7528 8364 3655
29 6221 7517 6021 2624 2398 5409 9716 4336 169 954 8453 7588 9929 5289 376 4316 5032 290 860 7080 7750 3869 7200 1298 765 936 8309 2677 4079
29 6457 9488 5825 849 9392 6688 8980 8415 1432 5050 5388 1362 9472 9805 8311 7116 5863 4300 5809 2130 1803 1666 9458 4215 6842 1046 8838 6843 8854
29 964 8933 3582 3346 5752 1247 3830 5049 8722 4605 1893 3253 6652 1701 4740 1422 3998 2709 598 7545 6449 6837 1694 5469 7941 7547 4525 9843 2016
29 7493 676 3065 7244 4638 2311 3235 2372 5157 6316 9736 9527 2513 2806 5232 4107 1212 4418 8122 7064 4873 307 2382 8871 5615 9858 3688 4824 3972
29 7429 6309 4660 7077 8956 6268 9994 2617 6209 8208 5193 494 6876 4499 724 5326 3875 5654 9512 4356 4064 7329 7651 6469 4718 3337 2297 4613 8489
29 5189 3977 8690 8590 7508 9102 9599 109 6196 9329 9874 6192 8365 3081 1293 8791 7761 6266 8713 1637 9162 5218 3570 5724 4815 7957 5578 9887 1190
29 3018 8988 9099 6099 5459 3719 7407 3497 5110 3056 633 5522 7228 1243 7232 2552 7247 3889 2716 9161 1978 7150 5751 6598 4368 6951 5188 6898 1158
29 5965 2397 7130 5163 4550 2268 9058 9732 2017 7372 2994 3572 5417 2390 274 8450 2859 3634 8063 5930 8281 9297 1180 8099 9292 4290 5599 27 3677
29 5106 9903 6043 8495 6982 9578 5480 4331 3307 4934 826 7376 8787 2323 2515 6157 574 3126 7592 5322 4666 5723 489 4780 9824 8443 9409 8745 2008
29 8987 1827 1371 2504 9175 2897 9890 1032 3628 8426 2514 8048 7964 1522 8444 223 8756 1545 4162 5128 3187 323 6713 5078 4066 3967 6829 8971 5676
29 186 354 5920 3486 1144 4071 408 9378 7168 3357 2684 2607 2143 5778 7488 197 2433 4400 322 6603 5427 473 6390 7446 3576 4321 7587 3467 3883
29 1267 1586 3270 1916 4739 3813 4526 925 6066 4476 5754 3367 1256 4280 4544 5855 1739 3895 5043 1197 1073 4918 9089 3653 270 4800 1089 4177 2369
29 981 8307 3015 9405 9095 4961 9514 3845 6376 7875 9613 3104 8922 1431 2841 3352 1126 7754 7708 4758 194 8126 3268 6360 7259 4688 3158 2480 644
29 2246 3485 8184 6278 6497 583 8592 6902 4310 4485 7977 4564 6353 238 6579 1296 7936 780 9013 3342 3179 4453 6542 4528 7947 217 2092 3020 5644
29 4148 7540 4311 8550 6339 4700 7949 1774 9271 8147 8835 6272 5718 9797 767 7146 57 3075 1120 1787 1612 9959 7861 9361 8256 4013 8058 3166 1925
29 7843 9247 5225 6571 43 4000 6954 8678 4479 5917 571 9035 6975 7646 2366 6395 7458 4819 5007 9482 4332 2644 22 6914 2765 5207 2002 1148 3805
29 5820 9383 851 6906 8010 7525 7479 879 411 1237 2785 5175 4583 7052 1623 4320 7141 6217 9251 1349 4799 7128 8171 4278 6623 2038 1796 7984 7946
29 8572 8087 3398 3227 2843 2745 8344 208 2133 5442 8035 5919 4489 1587 9601 7457 4798 4971 7089 7297 2736 6525 8869 5272 5160 5690 5934 5875 195
28 1100 1568 3848 3543 8047 874 4940 5903 8999 8055 5375 6129 2320 1426 5115 2118 3534 4635 1659 9799 2020 9432 1458 2493 3931 8143 9436 7810
28 1122 4245 6569 5331 9844 5514 6721 6877 5019 4674 7454 9742 5199 1184 6595 2550 7676 8991 8066 2706 2 1435 3130 9706 4859 4144 2658 9045
28 603 8356 2573 1034 9953 3382 7711 1000 2761 3784 5817 4063 7844 4032 2173 5348 418 7700 7049 7607 3791 2141 9061 5581 6034 5689 3123 7924
28 6699 4510 6186 8046 9842 170 5238 2777 5743 7371 1366 4886 3989 5729 5045 7420 4016 8995 1143 7502 5076 4375 7040 6122 7281 3583 9612 9023
28 4579 1004 4178 5648 6370 6799 5377 5485 8941 5928 8647 2201 6845 1356 2604 9363 8868 2510 1628 7132 3114 8915 30 4260 5372 5784 64 3217
28 8632 8253 400 6145 6532 2708 9685 6181 5715 8863 1088 3997 8084 5510 7221 5570 1277 7561 9796 6260 3512 6841 3138 104 6369 1263 877 1055
28 2773 6689 312 1809 2619 8038 3832 1281 3315 5815 762 4242 7766 6387 5407 412 4446 3252 4480 5432 1002 1558 7428 5338 8665 771 3302 5011
28 7920 429 4560 368 5092 5728 5881 5638 7145 5794 5968 6007 3747 4851 1485 2431 7719 7625 9120 7723 5864 4392 7014 7151 5681 9028 5374 3546
28 2264 9168 3724 2100 6500 9551 3556 2434 9771 6733 1367 9649 6653 374 3995 966 5675 7851 3565 136 743 2071 9563 1638 7965 7055 1955 7518
28 3585 9172 4570 3888 8375 5802 2178 8107 7794 9962 4077 1653 2177 6830 4770 7085 5229 1409 9308 249 8334 9212 3941 891 1083 884 7139 2824
28 5429 5383 1064 3667 755 6188 4087 627 7922 3444 2438 5068 5477 2435 4629 8790 6019 9889 2608 5953 5691 3933 968 6868 3820 8512 7081 4458
28 2890 696 7975 544 6265 5656 5264 173 2747 7322 7440 7718 9088 8374 3435 3014 8357 2312 9734 5393 2760 9346 3648 7829 5408 8711 9394 3539
28 4621 4512 4376 488 1176 7543 5067 4106 5781 2762 2774 4263 1559 1756 4683 2310 452 9492 280 8714 7050 9217 3636 8445 9447 959 2343 2278
28 1951 2185 3943 4788 3115 326 2357 989 4973 9071 6450 7756 1807 6570 9955 8951 7238 2875 6567 8507 1363 9493 3511 8477 3224 8407 4831 8763
28 6170 1378 28 1108 9330 364 3704 5306 4617 9756 6321 9190 2545 5683 9726 2286 338 5893 1700 2195 3592 1875 5797 8102 6556 1668 4706 2467
28 265 1673 3255 4601 2685 605 2610 8292 1792 8669 3168 8326 4274 7213 5217 3156 5658 4944 5184 2582 4832 4880 6399 4722 2748 2113 6493 3100
28 3872 2015 6085 2186 8662 807 6289 1845 261 7934 6394 5992 905 1472 6172 8501 2484 4367 6748 562 992 9011 657 2787 2162 3705 7684 1282
28 4067 9049 7136 6854 7332 594 4590 9963 2332 62 3903 3405 8420 5822 5884 1964 737 2079 5554 1297 9833 3442 4752 9939 8788 2690 6086 7416
28 2290 6766 8209 428 6173 7773 510 883 4277 9209 9250 6467 6182 5227 9905 8503 2678 5116 6297 9264 2010 5090 1738 4098 7312 1880 4898 9504
28 8039 3070 8653 3913 6891 4823 2923 5791 8493 6199 8680 7125 4156 7629 9426 2415 9883 6031 5040 803 6534 8498 4021 5292 4054 9194 9122 6965
28 8394 3863 8766 6280 3617 7748 8250 7381 2063 9856 5634 7041 5340 8720 4240 8359 264 3135 5705 2557 5145 2386 2954 1465 5137 3542 6628 2832
28 4113 5911 8078 7427 2401 3200 3488 4913 6482 4850 4438 888 6244 3069 588 5308 3809 7696 3189 3280 2159 9006 4650 3803 5257 7891 1308 2941
28 6629 9211 2242 87 4567 146 5512 9024 3816 1949 8214 3501 3548 4565 3161 9691 4897 5745 7485 8775 206 8901 401 8516 3045 6825 8459 6950
28 3204 2589 4534 4415 7124 1772 6075 8755 2933 7398 6669 6547 2351 8705 9878 4789 958 926 7880 890 1899 8106 1609 2477 7549 490 5950 7616
28 1573 9619 2009 7265 3208 4948 4911 7357 6516 6753 6506 3900 1722 7699 3886 1010 3452 2088 4127 1015 5747 4318 840 1292 8089 2755 9548 1487
28 5789 9644 3768 1451 7852 806 8937 8689 589 1935 3551 2086 6991 6559 8737 5228 2945 8809 5579 4870 8251 2161 6489 8242 3911 3049 2305 973
28 9534 7893 8392 943 5219 7805 224 3353 6264 7770 345 2328 6926 3471 4048 1283 9474 9301 4518 9941 421 1967 4989 7759 6770 6106 9543 1840
28 9348 5980 1793 8743 5027 4960 7500 2023 1621 1401 7959 8115 3984 2261 7496 913 842 6847 9055 4734 4716 1017 6104 7702 6738 8419 5990 6348
28 5282 871 7825 5736 6410 1622 9928 8452 4830 5365 4796 245 1504 8793 1563 3147 747 7733 496 2082 9269 1154 1597 7293 1900 650 2720 2248
28 8845 4268 3919 4803 1334 5516 7734 9188 2080 8650 460 5044 6736 2070 4541 8338 108 8544 2027 1500 466 262 5111 7744 6859 3584 5350 3299
28 7349 7551 6642 9720 9430 6656 2006 6590 5945 8925 8589 2052 2886 3945 2476 3901 9733 7521 3289 9867 8059 9092 267 629 4345 2932 7510 4028
28 6969 7606 9725 9872 8752 5313 8389 5876 5702 7018 6169 6749 3335 1972 1001 2858 591 1724 919 3769 213 2291 9137 678 2491 2007 9121 5166
28 6477 1162 7219 4382 1177 4837 461 8825 3697 1919 3735 3332 8440 7189 6639 7286 8712 7176 1636 903 9825 6879 4266 2612 3535 2150 8141 2228
28 5665 1527 5605 3453 8424 6512 1408 9097 3994 9971 9080 2922 4928 649 2443 7184 1669 8985 7667 59 9132 7570 2482 6985 6300 8535 3305 2965
28 7193 1674 5114 7109 8428 4346 8676 7216 7694 8275 3644 3378 2221 4701 4455 3520 4239 3744 3856 9524 1999 7179 6678 5452 6478 4370 2893 4503
28 1353 938 1364 5709 6661 9847 7443 5600 6052 4234 1735 631 6388 3432 739 3751 8947 6093 3842 468 5395 2445 6097 4049 618 8598 8301 4566
28 7611 4222 7589 5585 8614 6992 6438 2350 6422 7198 1816 9136 5447 7635 9885 5642 2496 8821 6148 7613 5239 4608 6640 7327 4007 2535 8961 9324
28 4330 9565 1406 2759 5796 970 5535 8484 5874 7147 9608 4723 3613 8704 9357 2998 8435 866 8781 8499 6679 2609 3588 7998 3250 1341 8016 7557
28 61 469 3412 8153 1853 3244 7386 7403 6480 1166 8816 9066 6591 2910 2379 4198 4983 3163 3529 4578 7351 2976 3573 8561 7639 4276 608 2691
28 3915 1611 5317 8075 1649 563 1537 7895 7836 7621 1560 638 9034 1600 3568 3257 9222 4786 6076 8190 8017 9064 372 7079 4471 2907 3765 3533
28 4990 7377 1195 5669 3855 8002 1446 9700 7434 4884 4682 7203 6726 889 5626 9166 702 5205 2989 9265 2211 3383 8637 8181 6684 2139 6754 1846
28 9717 8554 3625 1829 6314 3470 7195 3229 116 8757 2784 9279 3490 4559 6836 9991 441 5496 82 2251 3645 6583 6373 7619 6610 7364 744 3720
28 3904 1290 9848 8166 6385 3552 5923 5557 3870 7945 4691 7356 578 8721 7394 7214 8716 9802 8762 917 8582 573 9198 397 6486 752 8734 1129
28 2555 4696 1125 9925 3670 808 7007 5426 7344 2341 8996 7393 1515 4324 1489 38 9270 9157 2556 3796 3446 6691 9938 72 6544 741 5155 4644
28 3041 1009 9539 9654 6496 3493 7369 3654 9048 7800 9728 5806 7989 2170 5127 9558 6437 3798 5416 3441 3877 9069 8473 4130 7501 4125 2337 2069
28 6538 6513 8219 7830 918 8417 9784 4812 6775 328 5387 5241 738 1201 8848 645 7046 6676 4953 8121 7191 6290 2361 3858 7513 5529 7173 7983
28 3230 284 7813 478 2103 8467 946 5066 1170 7670 1113 7908 2683 8782 9134 673 8858 131 1786 2430 712 2190 3804 2385 5927 5296 112 9372
28 8255 3218 7523 2205 4966 2657 6527 7730 4291 5717 6288 8042 9529 7914 1045 4656 5079 2119 8268 5380 8317 1926 8044 778 7011 4237 2138 1660
28 9707 6999 1889 7275 9853 6202 6909 405 2602 8895 357 7104 6428 8293 1423 1219 6576 7788 3320 6168 6132 5629 1216 9410 3380 5987 9344 286
28 13 2661 1117 9125 8222 7780 7701 7459 4175 1544 9431 2153 333 8693 4466 7536 7423 2985 4251 8538 49 955 1945 19 6456 4764 4622 3219
28 8797 3242 1914 8948 1427 9309 444 735 2472 5509 3833 9930 3772 6081 9225 800 843 8274 6296 9739 3725 3079 3864 7246 2259 2405 3146 3035
28 6306 5935 2475 5584 1330 5329 6903 6886 2043 4658 4636 4288 187 6918 3734 5892 8973 85 6084 1111 2402 3399 5787 601 1146 876 1380 7383
28 4754 5744 9569 2101 3693 4556 4230 149 5242 5448 4619 2542 1026 643 184 6838 6524 3774 6301 9205 6047 1288 5208 550 6719 7182 6728 1494
28 4755 6643 6241 3526 9073 2335 9369 933 5069 2110 3595 8431 8950 5661 5765 9113 4568 6200 5697 6520 4547 9375 9191 6058 641 8196 4877 9
28 6895 6715 174 6820 8967 3660 4791 7584 5018 9178 6160 8200 7854 7164 458 9278 4699 234 5164 671 8563 3113 3099 5030 9349 5359 700 2281
28 9564 1157 5580 2780 9673 3175 7569 2395 6874 6026 6458 9515 756 7392 2809 4705 3120 4091 3008 6752 5337 9119 8907 9623 513 3508 4246 9589
28 5334 1578 7873 6615 801 9637 957 5015 6762 3775 4229 7816 7783 9046 4421 5281 4103 9695 4056 859 8053 9748 1342 2701 8570 8686 1593 1018
28 4216 39 5933 8830 3171 632 4931 3092 636 4719 2093 4440 9672 2924 4834 1790 1685 2990 25 9503 9604 9340 7107 962 3050 310 4047 4057
28 5530 2592 5533 9811 8170 6526 8434 5695 5023 2629 9368 4903 8856 3790 2237 8719 9104 971 8207 5161 8885 5108 6 5450 3011 9769 7027 9098
28 5403 7431 1192 3626 66 9708 1665 4924 6471 9835 9562 9473 9170 7470 6916 4413 4628 6507 396 9339 3608 1689 8810 9373 4196 3021 9268 2032
28 2740 535 1276 297 4514 6250 4009 1173 1209 5828 5483 6284 975 4358 1764 3122 8514 547 9181 90 7796 8542 6670 7892 6039 6667 1904 1547
28 8328 8993 4593 2634 4282 4097 8206 9227 7468 7709 4573 2670 9129 8229 9248 7649 3951 5770 349 1054 4759 590 8932 8990 7211 2833 2882 4045
28 7442 8179 413 7705 900 4586 2380 4408 7507 5120 7714 4855 7296 2048 6780 8630 3462 2039 8476 666 9570 8829 3472 5700 4587 1848 9039 9017
28 5376 952 7930 1109 477 6899 2798 7944 6983 6714 6108 4784 7308 3403 2758 7568 8656 592 4876 3651 8867 2562 7602 9549 2842 5138 1165 8510
28 2837 4275 8037 2455 3401 8649 6125 7301 5425 8567 3609 3364 1393 8803 4750 3957 1413 1706 1903 553 7578 3949 2223 6377 3818 5921 2115 4906
28 1781 6554 812 1028 9070 6059 8687 4059 5468 634 8534 7255 7835 2105 7632 6340 9079 670 4882 5716 9566 5210 5024 7679 5012 9794 5255 681
28 3749 283 3128 8696 6151 8276 4123 3042 6540 9143 575 8377 2917 9692 4262 6073 7482 3662 542 1687 6943 4080 4317 9972 8520 3308 7953 3680
28 4762 1970 2073 8506 769 1379 1240 5764 9951 8004 6417 1322 9988 1286 6730 3254 1053 7421 9272 4305 3160 1530 128 3281 7108 2763 8041 2525
28 1477 9924 5105 5150 9399 7668 4147 7688 7739 9628 4319 3026 7933 6305 6773 2058 8221 1675 6648 6452 3897 8670 8279 5057 2734 181 7477 1261
28 9386 1696 5916 7336 4694 8199 3137 3183 5603 8525 8197 1717 6681 1273 6708 3359 8165 1335 5304 8545 2225 9497 1645 9807 4378 8935 4301 6896
28 3970 6930 7912 5524 2749 6716 3245 1119 9158 3593 9401 8944 7529 4909 7571 2880 9758 3678 1897 6803 7361 5036 6366 4076 9318 8369 5668 868
28 5972 6434 3661 7862 6054 1984 9789 1762 4580 1203 4783 740 5503 4516 3394 9912 7605 9112 1287 7675 8466 7948 6938 9980 2960 5955 8064 9169
28 8899 1155 7033 7054 9009 6672 6126 5093 353 5958 4022 3916 7063 8624 9806 4813 6767 5788 3657 3363 3184 313 9352 9591 2447 6697 6018 8517
28 380 8093 4769 6907 6822 157 9546 9863 7685 8077 3027 6725 6124 2021 1640 1159 607 1506 1752 6986 4011 4695 4003 9483 5518 5000 6020 9917
28 1391 3314 7777 4464 3420 5963 4333 5859 4152 2802 1072 106 7404 5216 5885 3351 2422 2811 5967 1383 2166 9819 2778 6971 404 5390 5412 2852
28 8386 1361 7253 8940 7693 75 7324 8149 7320 1041 6912 4511 4472 2546 3053 5561 2775 815 8615 9907 1583 818 9683 8335 887 8112 5564 1253
28 8709 9892 8018 4161 7328 9065 7937 5768 6573 7072 3426 9307 2428 8216 6201 9993 7126 6815 3690 3597 9852 4493 2668 6315 179 168 8681 7114
28 8688 3756 6291 324 1450 810 8794 3748 8926 1954 599 4459 9919 8699 1712 321 9597 3389 4439 6835 5318 897 1424 2360 9738 6962 7962 6015
28 8240 5730 2316 1795 581 7350 3971 6942 101 658 552 4537 425 6465 9541 2243 5165 439 3578 7741 8832 12 1763 84 7123 9795 7034 5646
28 2042 3846 7061 9254 1110 5498 8583 9636 8353 543 3691 7039 2707 2387 679 6632 3170 2711 2125 1062 3871 4183 9661 1021 4594 4581 8575 1012
28 3233 894 4428 8891 556 727 8655 2512 4397 3676 7960 6051 6236 1750 467 180 9424 4957 9086 6739 127 5266 9947 4250 701 4782 2850 6539
28 7915 7917 4588 3721 1468 8223 5310 6827 8418 3022 8540 9530 3907 7484 7896 9901 9602 7396 7220 7516 4116 9229 8600 8577 3119 6894 8006 4710
28 6175 1403 8638 8277 5562 6032 3210 4231 1040 1778 5517 7111 4096 7803 875 4675 9902 5065 5940 1535 9943 5774 5042 2168 4612 6481 20 2971
28 9915 2315 4572 4435 1982 3411 9452 7305 4735 7615 3623 7262 2654 4678 2439 2036 1589 8645 6220 1924 8294 1142 1059 2210 9343 9855 8518 825
28 9518 4035 579 9495 1372 9698 5513 7849 5639 8019 7070 5343 9584 3917 8723 4727 4661 3627 1884 9437 5929 4760 5063 4657 1939 4881 7890 9140
28 21 86 2060 122 7069 2675 5534 2356 5540 1226 6855 7264 4385 8127 2456 3741 4456 8095 4640 3819 9635 7181 315 7453 2669 5364 7258 5309
28 8831 4883 3321 5643 9956 1843 8346 9208 3718 3298 9836 1671 7417 7455 7781 1691 3043 940 7005 7818 7724 1078 2613 7201 7099 6717 464 4170
28 3348 3836 1301 4335 4603 5029 2569 9764 4153 6575 8628 9332 1196 399 2664 8807 8537 9469 3374 3416 2541 2627 4853 6433 7013 7976 4916 9653
28 6650 8706 4389 6142 1582 7291 8266 3196 9906 9768 1802 8315 6036 8249 4361 2639 9485 3807 9532 1861 9328 2823 4774 967 8511 4615 3345 6365
28 6940 7745 565 9501 4025 7620 7363 2722 2681 2642 5466 8349 1661 1598 539 3192 3524 3338 5610 1182 561 4527 5737 502 7994 4997 2091 7491
28 8138 7979 1141 8337 2688 2314 1392 2836 7391 4863 7206 5475 3965 6331 8043 5006 610 6067 1376 9823 6153 8801 6763 4110 5386 239 9520 2418
28 3176 6258 4871 2901 2538 4365 4532 1624 3955 7140 9419 7241 5271 856 3779 6750 850 2580 6397 2671 3390 3088 7299 3731 2915 5234 9427 1995
28 456 1755 5235 7799 9179 9687 1864 3384 7638 1782 2463 8749 4213 9586 564 692 8298 1470 984 5144 7236 6287 8325 4026 5549 5109 7731 4977
28 5482 2584 8270 3823 2215 660 9337 7271 704 7318 8152 1998 9356 4945 2633 5808 1396 1307 5795 1883 1035 8227 9124 862 7771 491 8746 118
28 4949 7313 4539 1950 2972 5268 7002 1648 1833 4729 8651 5081 5771 2498 1387 210 1799 4600 2973 841 8666 3098 367 6443 4302 1227 6017 6009
28 7426 3016 292 3549 9864 3834 2567 6239 4558 5614 3443 6921 9085 4334 880 7302 3047 8472 8142 7728 7689 1859 9840 1681 4807 9494 6944 9283
28 9005 3589 5467 1333 5707 7083 8098 6850 4344 9281 623 1354 141 445 5792 786 8877 4427 2375 1850 8619 2135 6227 9675 5435 7961 9679 7038
28 6114 8731 5782 8032 5632 3699 7498 3894 6558 5631 1887 7360 3005 961 1907 4119 4936 5172 9974 8387 9404 2087 6964 4847 3202 8796 1879 1579
28 3555 9983 3681 5073 781 7058 6787 5263 9595 4777 1280 8574 7438 7993 2255 9772 3162 8613 472 3607 5507 3388 2000 4088 1918 7514 5101 6931
28 6078 8764 5286 9721 8989 2280 1806 2698 3923 8626 6189 6797 6235 3752 5269 1965 6141 7380 9711 3966 8100 9335 5735 6869 3700 361 6455 7586
28 2465 2727 8244 6955 1836 9646 9640 5785 8283 436 3639 7643 4938 8804 830 8974 3838 6406 2518 7886 8981 9315 4708 2450 5381 1779 4069 4820
28 1498 7311 7792 1819 630 7811 6005 5177 8881 3145 4006 6177 6834 9850 7715 5443 4529 9471 3195 6937 7952 314 6946 446 7205 9481 9761 8348
28 8802 9056 6184 1646 3932 7483 1147 4974 6035 2831 4217 8635 358 4988 1603 3861 4500 8382 7171 1124 6243 3413 2628 4126 6840 1554 4753 8726
28 8113 4671 1071 2733 9365 9898 9724 8128 6025 1556 23 1131 4864 7248 7144 2814 3851 4981 2601 5353 2256 8748 1553 5321 6582 3566 5833 6023
28 1943 8599 2519 6398 387 9215 4879 5673 4033 5662 3002 6988 6298 6251 414 8056 9334 4979 7424 2879 8491 6211 4969 8783 6068 2520 9674 1716
28 4785 6627 9622 8886 7681 7520 1838 7860 6911 1445 3283 3729 5613 7188 3732 3953 54 6011 9952 7315 4933 5902 3519 9815 819 4970 6720 5546
28 7793 325 2047 2253 3664 4995 1927 4733 4303 6601 4149 3898 6435 5314 2001 8381 7855 2067 8607 3622 1269 9754 9580 1429 8556 7370 5398 8439
28 988 3528 3421 9639 4652 802 422 2396 335 6225 4839 1097 3630 8403 2062 9389 155 9234 1016 4322 7938 5831 2950 6479 9830 8865 5126 9186
28 83 3424 757 9755 7224 3157 3925 9491 6709 4890 481 7088 6758 2193 9614 1123 9773 6259 3881 7982 5385 4643 4524 5733 7155 9240 3127 4140
28 3527 4866 9832 8195 3232 6391 8114 7009 7023 407 3540 2318 4639 4835 2631 4955 7863 6304 1831 8703 6711 5525 8738 9420 8524 3930 5169 7864
28 6044 8302 1461 9630 2595 7887 3621 614 6553 6381 4381 2804 2878 3672 9666 2829 8584 3559 332 9933 6491 1193 4184 1207 2187 6421 7856 7084
28 8908 3762 9456 6000 1575 4407 5201 7397 3503 1767 8909 2565 3532 5948 6744 1449 6784 6022 7388 6884 5678 6636 1462 1348 9944 7326 1761 6599
28 5932 3746 8192 985 2781 4351 5461 8792 4854 624 1869 1725 1094 5167 9945 9511 1484 4362 9358 6136 6490 5419 9775 7073 9291 5107 7939 3618
28 5473 2026 9838 593 4893 3878 1343 7838 3118 7995 8009 1086 2142 8090 8828 2702 7834 4709 343 9841 4508 8088 1871 3365 8836 5273 2995 5221
28 6057 2766 3068 1351 2176 982 8145 9718 7339 2352 6537 776 6551 7531 6010 4314 6761 2126 9074 5424 2217 9407 9067 910 1007 3827 153 9255
28 7823 1410 2371 80 7487 4985 2993 5149 7806 8070 1508 423 24 5961 1105 263 2571 3029 7060 8137 172 1592 7212 8773 1647 3860 2742 2828
28 7618 5889 595 4474 3982 8578 8390 9879 7441 3739 3466 4053 8350 190 1641 6040 1657 71 7450 2543 4061 9015 1316 5233 4648 536 854 147
28 3247 6426 2689 3738 7768 391 470 6130 9036 4002 4174 4929 3671 1234 5680 1732 2116 8603 8875 4668 4058 504 4264 3186 689 8446 8236 9505
28 4571 2799 5816 3246 3267 9153 7726 7634 6460 6146 3757 1858 6117 9559 8475 1533 9126 9258 9289 6414 241 1709 1471 6970 6560 8023 7991 2154
28 3591 7148 8347 163 449 3476 3073 1311 2148 8001 1047 2270 1365 538 2292 2503 9109 7028 2699 9319 2085 1056 8295 7217 2068 6344 5726 4888
28 716 6924 6865 7902 291 7415 2703 5284 9753 4611 4535 171 8701 7990 710 6003 8180 2216 1922 5572 4978 726 4210 7118 6041 3640 1186 2416
28 9940 3761 4423 6222 8438 5481 3336 5607 6327 9444 3771 4296 50 7082 5501 7519 4860 9621 4350 5984 7436 5410 9274 1885 8049 4964 7817 1811
28 5862 3391 3222 8617 247 3918 4442 3666 9859 5803 6028 6607 1475 3178 9397 8448 1557 9547 381 537 1262 5151 2182 507 5371 7024 5251 6804
28 8186 2827 2033 37 1469 3652 6144 3795 6501 2978 8692 3445 8380 9174 4920 5937 3947 7554 8413 7868 8304 821 3055 6210 6563 5064 5860 3269
28 1104 4443 9355 688 2846 2776 8588 2427 9680 4632 1630 2407 4609 7598 2746 8480 9641 5569 7894 132 9351 2157 4598 9010 3701 330 8916 790
28 1289 5283 796 7166 341 2293 1818 5254 3276 9321 2997 3976 4176 5399 9130 5753 1933 2250 4751 6696 311 9131 8164 2011 6484 5957 5981 5960
28 205 5894 4687 1480 7925 7653 2847 2298 225 5799 2030 8169 7020 9713 1911 708 4768 3238 8708 53 5319 6548 6795 47 7030 5139 3912 2238
28 3811 3547 5511 602 5070 4444 8629 665 6270 5901 402 3776 231 9400 9041 9442 2906 1317 498 695 5667 2756 864 471 3188 6589 4833 5763
28 4235 1090 4355 7119 7758 3629 3194 1526 9918 1748 8065 6029 9449 2577 6682 7867 7096 1718 5267 9846 2419 9486 5345 3258 7432 604 7695 3753
28 1604 5293 559 1063 7645 5834 9837 2825 3001 2587 2212 3301 8753 1270 5187 3198 6420 2710 3116 1309 6546 3375 811 7909 2321 8808 9195 1460
28 514 3646 685 5492 8523 7285 8105 1873 5038 7593 5397 4391 5083 9164 6326 3285 4900 8911 3197 3495 5141 4620 4707 2575 4395 2479 9076 235
28 4951 4483 9177 6318 9888 2944 3906 3371 1242 9354 5055 121 5039 8226 8339 9167 480 2227 1986 1149 7489 9466 1905 9605 3619 8308 5841 6751
28 7025 5088 6774 715 6163 2231 8616 873 8464 1643 1044 7467 7624 3763 1670 114 6945 5209 3669 8172 4867 9557 6928 5596 1225 8661 6183 3754
28 3513 1153 4501 9803 1314 6596 1452 6633 6644 4869 5276 9749 8022 4377 1684 7497 9037 7534 6816 7657 4338 2502 8543 2013 4811 2596 6274 5878
28 3366 5190 5401 7029 2621 3028 1068 9293 881 9443 8789 6519 6400 4520 479 4306 1910 8187 7304 5226 779 8482 5173 2466 8859 3767 7662 463
28 1930 3620 6498 4891 5873 5536 9542 1882 5974 9347 3465 832 5179 4292 8560 1590 4946 7970 3212 3496 5879 1960 5618 3783 5123 7389 6977 3577
28 947 3292 8739 7556 7974 31 2044 611 2844 5995 1678 9609 5278 216 7250 1975 9176 4481 9808 5943 4118 9224 2171 7654 7343 2233 9957 6948
28 4081 674 6167 2679 8593 3101 7047 3458 9671 6423 7899 2616 7812 5767 5265 9567 723 572 1067 3687 3369 2848 9233 9699 2336 1039 8960 9094
28 9964 7395 8621 2329 4792 6870 587 7239 1106 7921 6187 4197 1519 3066 2174 6771 5112 7878 3019 1202 7243 6892 8927 3111 212 8146 1529 5098
28 760 7841 8779 5627 1302 7269 5593 7738 4868 5203 8928 534 7650 4143 6362 5982 7362 3849 6857 987 8934 1156 4416 6646 5918 6987 2700 5508
28 9607 6277 3125 3991 6908 5910 4841 3440 8644 1501 6403 123 4926 5446 3427 9002 9550 2098 9312 7820 4772 3437 1492 9884 7874 1239 9052 3505
28 5041 6088 6246 9618 7310 7101 2147 3309 5688 8198 6649 5721 8385 6372 9216 2645 2260 242 3839 3191 3080 9792 5211 2735 7008 1345 7575 847
28 9625 3792 8230 7095 6905 6989 784 9012 5418 4732 8931 9385 7152 5760 3169 7433 2269 4781 1632 9948 882 2605 8085 9476 5966 2676 5117 7294
28 9800 3847 7558 3887 9798 3694 1892 5192 2444 5604 5858 3567 5986 9908 339 5389 5479 3237 1569 8436 3483 3658 7240 817 1294 6996 9151 1937
28 1940 3464 4670 2531 5829 6960 6885 2156 5830 3266 2549 5502 389 7950 2986 2902 9693 1594 9576 3602 6846 7016 6671 9561 7655 9031 9423 6171
28 1996 7174 1437 9990 7999 3077 2881 5454 5813 2057 7333 3649 687 7603 6531 9571 7583 2488 98 8623 6858 8843 2674 7366 6592 6957 5758 8715
28 2815 3478 792 5349 3213 7942 1655 4085 1909 4279 9999 1284 5430 139 7226 4371 2507 424 2232 6448 5867 5476 2339 1359 6319 1985 8846 5096
28 3117 5839 1077 5991 8955 2959 6959 3730 8020 8652 3037 839 651 8366 8663 2648 3944 635 1405 1331 279 8345 256 6240 7234 4546 4766 852
28 2236 4258 1574 1250 6427 285 8265 9406 7898 4099 8601 3221 6135 1695 1672 7000 3635 7674 2354 2865 6079 8966 4212 373 199 5182 191 3942
28 1828 7765 5028 6237 8648 6383 6193 2330 4447 6408 2014 2453 7943 1185 5053 9241 2040 2364 3707 8072 5679 994 2791 9245 3323 3712 2414 3393
